	注释	血量（破墙值）	血量ID	强度血量ID	血量倍数	攻击ID	强度攻击ID	攻击倍数	护盾类型	护盾ID	强度护盾ID	护盾倍数	防御ID	强度防御ID	防御倍数	护盾回复间隔	充能延迟	充能速率	暴击率	暴击加成	动能抗性	高热抗性	低温抗性	电击抗性	特异抗性	场地伤害抗性	群伤减免系数	装甲值	速度加成	气绝时间	硬直容量	硬直衰减延迟	硬直恢复间隔	硬直恢复速度（百分比/s）	硬直触发间隔	破墙值	仇恨系数（威胁值）	威胁值衰减比例	效果系数	控制保护	基础保护时间	保护时间系数	保护延长时间	控制免疫阈值	控制时间上限
ID	Comment	Health	HealthID	GradeHealthID	HealthTimes	AttackID	GradeAttackID	AttackTimes	ShieldType	ShieldID	GradeShieldID	ShieldTimes	DefenceID	GradeDefenceID	DefenceTimes	ShieldRecoverInterval	ShieldDelayTime	ShieldRecoverSpeed	CriticalValue	CriticalDamage	EntityBulletResistance	FireResistance	IceResistance	ThunderResistance	SuperpowersResistance	FieldResistance	RangeDamageReduction	Armor	SpeedRatio	BreathlessTime	MaxHitLag	HitLagRecoverDelay	HitLagRecoverInterval	HitLagRecoverPercent	HitLagInvalidTimeAfterTrigger	DestroyValue	EnmityCoefficient	ThreatDecayPercent	EffectCoefficient	ControlProtection	BasicProtectionTime	ProtectionTimeFactor	ProtectionExtensionTime	ControlImmuneThreshold	ControlTimeLimit
4001	拾荒者 灯泡	0		101	{{1,3.68},{80,3.79},{81,3.79}}		201	1			101	0		301	1	0	0	0	0	0	-10	-10	-5	0	0	-100	100	-1	0	3	100	3	0.1	-0.1	0.7	5	1	20	1	0	0	0	0	0	0
4002	拾荒者 螺钉	0		102	{{1,5.76},{80,5.08},{81,5.08}}		201	1			102	0		301	1	0	0	0	0	0	-10	-10	-5	0	0	-100	100	-1	0	3	100	3	0.1	-0.1	0.7	5	1	20	1	0	0	0	0	0	0
4003	拾荒者 螺帽	0		101	{{1,1.5},{80,2.65},{81,2.65}}		201	1			101	0		301	1	0	0	0	0	0	-10	-10	-5	0	0	-100	100	-1	0	3	5	3	0.1	-0.1	0.7	5	1	20	1	0	0	0	0	0	0
4004	拾荒者 钢珠	0		101	{{1,1.5},{80,2.65},{81,2.65}}		201	1			101	0		301	1	0	0	0	0	0	-10	-10	-5	0	0	-100	100	-1	0	3	5	3	0.1	-0.1	0.7	5	1	20	1	0	0	0	0	0	0
4005	拾荒者 炉子（废弃）	0		102	{{1,14.11},{80,12.71},{81,12.71}}		201	1			102	0		301	1	0	0	0	0	0	-10	-10	-5	0	0	-100	100	-1	0	3	500	3	0.1	-0.1	0.7	5	1	20	1	0	0	0	0	0	0
4006	邪教 弓箭会员	0		101	{{1,0.96},{80,0.99},{81,0.99}}		201	1			101	{{1,4.32},{80,4.45},{81,4.45}}		301	1	0	0	0	0	0	-10	-10	-5	0	0	-100	100	-1	0	3	60	3	0.1	-0.1	0.7	5	1	20	1	0	0	0	0	0	0
4007	邪教 长刀会员	0		102	{{1,2.65},{80,2.42},{81,2.42}}		201	1			102	{{1,5.3},{80,4.84},{81,4.84}}		301	1	0	0	0	0	0	-10	-10	-5	0	0	-100	100	-1	0	3	100	3	0.1	-0.1	0.7	5	1	20	1	0	0	0	0	0	0
4008	精英 武装会员	0		101	{{1,2},{80,1.57},{81,1.57}}		201	1			101	{{1,10.5},{80,8.24},{81,8.24}}		302	1	0	0	0	0	0	-10	-10	-5	0	0	-100	100	-1	0	5	100	3	0.1	-0.1	0.7	5	1	20	1	0	0	0	0	0	0
4009	邪教 持枪会员	0		101	{{1,1.5},{80,1.64},{81,1.64}}		201	1			101	{{1,3},{80,3.28},{81,3.28}}		301	1	0	0	0	0	0	-10	-10	-5	0	0	-100	100	-1	0	3	30	3	0.1	-0.1	0.7	5	1	20	1	0	0	0	0	0	0
4010	邪教 爆破会员	0		101	{{1,1},{80,1.47},{81,1.47}}		201	1			101	{{1,1.5},{80,2.21},{81,2.21}}		301	1	0	0	0	0	0	-10	-10	-5	0	0	-100	100	-1	0	3	5	3	0.1	-0.1	0.7	5	1	20	1	0	0	0	0	0	0
4011	邪教 朝拜基座(废弃)	0		101	1		201	1			101	4		301	1	0	0	0	0	0	0	-5	0	-10	-10	-100	100	-1	0	3	0	3	0.1	-0.1	0.7	5	1	20	1	0	0	0	0	0	0
4012	邪教 会员	0		101	{{1,1.5},{80,2.65},{81,2.65}}		201	1			101	0		301	1	0	0	0	0	0	-10	-10	-5	0	0	-100	100	-1	0	3	5	3	0.1	-0.1	0.7	5	1	20	1	0	0	0	0	0	0
4013	泰坦 浮球（废弃）	0		101	1		201	1			101	0		301	1	0	0	0	0	0	-5	0	-10	-5	-5	-100	100	-1	0	3	0	3	0.1	-0.1	0.7	5	1	20	1	0	0	0	0	0	0
4014	泰坦 长臂（废弃）	0		101	2		201	1			101	0		301	1	0	0	0	0	0	-5	0	-10	-5	-5	-100	100	-1	0	3	0	3	0.1	-0.1	0.7	5	1	20	1	0	0	0	0	0	0
4015	自爆兵（废弃）	0		101	1		201	1			101	0		301	1	0	0	0	0	0	0	-5	0	-10	-10	-100	100	-1	0	3	0	3	0.1	-0.1	0.7	5	1	20	1	0	0	0	0	0	0
4016	布雷者（废弃）	0		101	1		201	1			101	0		301	1	0	0	0	0	0	0	-5	0	-10	-10	-100	100	-1	0	3	0	3	0.1	-0.1	0.7	5	1	20	1	0	0	0	0	0	0
4017	布雷者 炸弹车（废弃）	0		101	1		201	1			101	0		301	1	0	0	0	0	0	0	-5	0	-10	-10	-100	100	-1	0	3	0	3	0.1	-0.1	0.7	5	1	20	1	0	0	0	0	0	0
4018	持盾者	0		101	1		201	1			101	0		301	1	0	0	0	0	0	0	0	0	0	0	-100	100	-1	0	3	0	3	0.1	-0.1	0.7	5	1	20	1	0	0	0	0	0	0
4019	拾荒者 喷壶	0		101	{{1,2.88},{80,3.39},{81,3.39}}		201	1			101	0		301	1	0	0	0	0	0	-10	-10	-5	0	0	-100	100	-1	0	3	50	3	0.1	-0.1	0.7	5	1	20	1	0	0	0	0	0	0
4020	拾荒者 通条	0		101	{{1,2.88},{80,3.39},{81,3.39}}		201	1			101	0		301	1	0	0	0	0	0	-10	-10	-5	0	0	-100	100	-1	0	3	50	3	0.1	-0.1	0.7	5	1	20	1	0	0	0	0	0	0
4021	拾荒者 罐头	0		102	{{1,5.29},{80,4.95},{81,4.95}}		201	1			102	0		301	1	0	0	0	0	0	-10	-10	-5	0	0	-100	100	-1	0	3	500	3	0.1	-0.1	0.7	5	1	20	1	0	0	0	0	0	0
4022	拾荒者 灯泡（带背包）	0		101	{{1,3.68},{80,3.79},{81,3.79}}		201	1			101	0		301	1	0	0	0	0	0	-10	-10	-5	0	0	-100	100	-1	0	5	100	3	0.1	-0.1	0.7	5	1	20	1	0	0	0	0	0	0
4023	泰坦 术士召唤物	0		101	1.4		201	1			101	0		301	1	0	0	0	0	0	-5	0	-10	-5	-5	-100	100	-1	0	3	0	3	0.1	-0.1	0.7	5	1	20	1	0	0	0	0	0	0
4024	拾荒者 喷漆罐	0		102	{{1,11.76},{80,7.35},{81,7.35}}		201	1			102	0		301	1	0	0	0	0	0	0	-5	0	-10	-10	-100	100	-1	0	7	500	3	0.1	-0.1	0.7	5	1	20	1	0	0	0	0	0	0
4025	拾荒者部件 喷漆罐可破坏物	500			0		201	1		0		0	0		0	0	0	0	0	0	0	-5	0	-10	-10	-100	100	-1	0	3	1	3	0.1	-0.1	0.7	5	1	20	1	0	0	0	0	0	0
4026	拾荒者 罐头-投掷型	0		102	{{1,5.29},{80,4.95},{81,4.95}}		201	1			102	0		301	1	0	0	0	0	0	0	-5	0	-10	-10	-100	100	-1	0	15	500	3	0.1	-0.1	0.7	5	1	20	1	0	0	0	0	0	0
4027	拾荒者部件 罐头-投掷型可破坏物	400			0		201	1		0		0	0		0	0	0	0	0	0	0	-5	0	-10	-10	-100	100	-1	0	3	1	3	0.1	-0.1	0.7	5	1	20	1	0	0	0	0	0	0
4028	拾荒者 铁链	0		102	{{1,10.12},{80,8.66},{81,8.66}}		201	1			102	0		301	1	0	0	0	0	0	-10	-10	-5	0	0	-100	100	-1	0	3	200	3	0.1	-0.1	0.7	5	1	20	1	0	0	0	0	0	0
4029	泰坦 丙型异化人	0		102	{{1,6.18},{80,5.95},{81,5.95}}		201	1			102	0		301	1	0	0	0	0	0	-5	0	-10	-5	-5	-100	100	-1	0	3	200	3	0.1	-0.1	0.7	5	1	20	1	0	0	0	0	0	0
4030	邪教 震波基座(废弃)	0		102	5		201	1			102	10		301	1	0	0	0	0	0	0	-5	0	-10	-10	-100	100	-1	0	3	0	3	0.1	-0.1	0.7	5	1	20	1	0	0	0	0	0	0
4031	邪教 连弩会员	0		101	{{1,0.5},{80,0.74},{81,0.74}}		201	1			101	{{1,2.25},{80,3.31},{81,3.31}}		301	1	0	0	0	0	0	-10	-10	-5	0	0	-100	100	-1	0	3	5	3	0.1	-0.1	0.7	5	1	20	1	0	0	0	0	0	0
4032	邪教 散射会员	0		101	{{1,1},{80,1.18},{81,1.18}}		201	1			101	{{1,3},{80,3.53},{81,3.53}}		301	1	0	0	0	0	0	-10	-10	-5	0	0	-100	100	-1	0	3	5	3	0.1	-0.1	0.7	5	1	20	1	0	0	0	0	0	0
4033	逐光者 鸸鹋机甲	0		105	{{1,1.1},{80,2.25},{81,2.25}}		201	1			101	0		301	1	0	0	0	0	0	0	-5	0	-10	-10	-100	100	-1	0	3	5	3	0.1	-0.1	0.7	5	1	20	1	0	0	0	0	0	0
4034	Ⅰ型定向炮台	0		101	1.76		201	1			101	0		301	1	0	0	0	0	0	0	-5	0	-10	-10	-100	100	-1	0	3	0	3	0.1	-0.1	0.7	5	1	20	1	0	0	0	0	0	0
4035	Ⅱ型悬挂炮台	0		101	{{1,1.76},{80,3.53},{81,3.53}}		201	1			101	0		301	1	0	0	0	0	0	0	-5	0	-10	-10	-100	100	-1	0	3	0	3	0.1	-0.1	0.7	5	1	20	1	0	0	0	0	0	0
4036	1-4 Ⅰ型定向炮台	0		101	3.9		201	1			101	0		301	1	0	0	0	0	0	0	-5	0	-10	-10	-100	100	-1	0	3	0	3	0.1	-0.1	0.7	5	1	20	10	0	0	0	0	0	0
4037	拾荒者 钻头	0		105	{{1,0.59},{80,2.06},{81,2.06}}		201	1			101	0		301	1	0	0	0	0	0	0	-5	0	-10	-10	-100	100	-1	0	3	5	3	0.1	-0.1	0.7	5	1	20	1	0	0	0	0	0	0
4038	邪教 巡逻机器人	0		105	0.5		201	1			101	0		301	1	0	0	0	0	0	0	-5	0	-10	-10	-100	100	-1	0	3	5	3	0.1	-0.1	0.7	5	1	20	1	0	0	0	0	0	0
4039	邪教 降临火花	0		105	{{1,0.59},{80,2.06},{81,2.06}}		201	1			101	0		301	1	0	0	0	0	0	0	-5	0	-10	-10	-100	100	-1	0	3	5	3	0.1	-0.1	0.7	5	1	20	1	0	0	0	0	0	0
4040	泰坦 劣化祟	0		101	{{1,4},{80,4.12},{81,4.12}}		201	1			101	0		301	1	0	0	0	0	0	-5	0	-10	-5	-5	-100	100	-1	0	3	60	3	0.1	-0.1	0.7	5	1	20	1	0	0	0	0	0	0
4041	逐光者 谢尔德机甲	0		101	{{1,8.53},{80,6.34},{81,6.34}}		201	1			101	0		301	1	0	0	0	0	0	0	-5	0	-10	-10	-100	100	-1	0	3	400	3	0.1	-0.1	0.7	5	1	20	1	0	0	0	0	0	0
4042	废弃 逐光者 谢尔德机甲屏障	0		101	5		201	1			101	0		301	1	0	0	0	0	0	0	-5	0	-10	-10	-100	100	-1	0	3	0	3	0.1	-0.1	0.7	5	1	20	1	0	0	0	0	0	0
4043	逐光者 哨兵	0		102	{{1,3.31},{80,3.6},{81,3.6}}		201	1			101	0		301	1	0	0	0	0	0	0	-5	0	-10	-10	-100	100	-1	0	3	150	3	0.1	-0.1	0.7	5	1	20	1	0	0	0	0	0	0
4044	逐光者 哨兵引擎	450			0		201	1		0		0	0		1	0	0	0	0	0	0	-5	0	-10	-10	-100	100	-1	0	3	0	3	0.1	-0.1	0.7	5	1	20	1	0	0	0	0	0	0
4045	逐光者 滚雷机器人	0		101	{{1,1.47},{80,2.5},{81,2.5}}		201	1			101	0		301	1	0	0	0	0	0	0	-5	0	-10	-10	-100	100	-1	0	3	5	3	0.1	-0.1	0.7	5	1	20	1	0	0	0	0	0	0
4046	泰坦 侵蚀泰坦	0		101	{{1,2},{80,2.94},{81,2.94}}		201	1			101	0		301	1	0	0	0	0	0	-5	0	-10	-5	-5	-100	100	-1	0	3	60	3	0.1	-0.1	0.7	5	1	20	1	0	0	0	0	0	0
4047	军方 护卫机器人	0		102	{{1,9.6},{80,7.34},{81,7.34}}		201	1			102	0		301	1	0	0	0	0	0	0	-5	0	-10	-10	-100	100	-1	0	7	700	3	0.1	-0.1	0.7	5	1	20	1	0	0	0	0	0	0
4048	军方 护卫机器人 机枪	300			0		201	1		0		0	0		0	0	0	0	0	0	0	-5	0	-10	-10	-100	100	-1	0	3	1	3	0.1	-0.1	0.7	5	1	20	1	0	0	0	0	0	0
4049	军方 护卫机器人 护盾	750			0		201	1		0		0	0		0	0	0	0	0	0	0	-5	0	-10	-10	-100	100	-1	0	3	1	3	0.1	-0.1	0.7	5	1	20	1	0	0	0	0	0	0
4050	弹幕方块召唤物-地雷陷阱	0		101	1.4		201	1			101	0		301	1	0	0	0	0	0	-5	0	-10	-5	-5	-100	100	-1	0	3	0	3	0.1	-0.1	0.7	5	1	20	1	0	0	0	0	0	0
4051	逐光者 啮咬球	0		101	{{1,1},{80,2},{81,2}}		201	1			101	0		301	1	0	0	0	0	0	-5	0	-10	-5	-5	-100	100	-1	0	3	30	3	0.1	-0.1	0.7	5	1	20	1	0	0	0	0	0	0
4052	幽浮	0		101	{{1,2},{80,2.67},{81,2.67}}		201	1			101	0		301	1	0	0	0	0	0	5	5	0	-5	-5	-100	100	-1	0	3	30	3	0.1	-0.1	0.7	5	1	20	1	0	0	0	0	0	0
4055	梦神-小弟	0		101	{{1,14.34},{80,14.34},{81,14.34}}		201	1			101	0		301	1	0	0	0	0	0	0	0	0	0	0	-100	100	-1	0	3	0	3	0.1	-0.1	0.7	5	1	20	1	0	0	0	0	0	0
4056	梦神眼睛陷阱	0		101	1.4		201	1			101	0		301	1	0	0	0	0	0	0	0	0	0	0	-100	100	-1	0	3	0	3	0.1	-0.1	0.7	5	1	20	1	0	0	0	0	0	0
4057	卫城试作型机兵	0		101	{{1,3.68},{80,4},{81,4}}		201	1			101	0		301	1	0	0	0	0	0	0	-5	0	-10	-10	-100	100	-1	0	3	100	3	0.1	-0.1	0.7	5	1	20	1	0	0	0	0	0	0
4058	污染机兵	0		101	{{1,5.65},{80,7.53},{81,7.53}}		201	1			101	0		301	1	0	0	0	0	0	0	0	0	0	0	-100	100	-1	0	3	100	3	0.1	-0.1	0.7	5	1	20	1	0	0	0	0	0	0
4059	金鱼	0		101	{{1,7.53},{80,6.59},{81,6.59}}		201	1			101	0		301	1	0	0	0	0	0	0	0	0	0	0	-100	100	-1	0	3	5	3	0.1	-0.1	0.7	5	1	20	1	0	0	0	0	0	0
4060	噬孽机·卡律布狄斯-爪型触手	0		101	22		201	1			101	0		301	1	0	0	0	0	0	15	15	30	30	-10	-100	100	-1	0	3	0	3	0.1	-0.1	0.7	5	1	20	1	0	0	0	0	0	0
4061	噬孽机·卡律布狄斯-哨兵飞艇	0		101	7.5		201	1			101	0		301	1	0	0	0	0	0	15	15	30	30	-10	-100	100	-1	0	3	0	3	0.1	-0.1	0.7	5	1	20	1	0	0	0	0	0	0
4062	梦兽	0		101	{{1,5.65},{80,7.53},{81,7.53}}		201	1			101	0		301	1	0	0	0	0	0	0	0	0	0	0	-100	100	-1	0	3	100	3	0.1	-0.1	0.7	5	1	20	1	0	0	0	0	0	0
4063	吉诺拉近战干员	0		101	{{1,5.65},{80,7.53},{81,7.53}}		201	1			101	0		301	1	0	0	0	0	0	0	0	0	0	0	-100	100	-1	0	3	100	3	0.1	-0.1	0.7	5	1	20	1	0	0	0	0	0	0
4064	吉诺拉火力干员	0		101	{{1,5.65},{80,7.53},{81,7.53}}		201	1			101	0		301	1	0	0	0	0	0	0	0	0	0	0	-100	100	-1	0	3	100	3	0.1	-0.1	0.7	5	1	20	1	0	0	0	0	0	0
4065	吉诺拉压制干员	0		101	{{1,5.65},{80,7.53},{81,7.53}}		201	1			101	0		301	1	0	0	0	0	0	0	0	0	0	0	-100	100	-1	0	3	100	3	0.1	-0.1	0.7	5	1	20	1	0	0	0	0	0	0
4066	隙影	0		101	{{1,5.65},{80,7.53},{81,7.53}}		201	1			101	0		301	1	0	0	0	0	0	0	0	0	0	0	-100	100	-1	0	3	100	3	0.1	-0.1	0.7	5	1	20	1	0	0	0	0	0	0
4067	徊天轮	0		101	{{1,14.34},{80,14.34},{81,14.34}}		201	1			101	0		301	1	0	0	0	0	0	0	0	0	0	0	-100	100	-1	0	3	100	3	0.1	-0.1	0.7	5	1	20	1	0	0	0	0	0	0
																																													
5001	拾荒者 精英炉子	0		103	{{1,14.11},{80,12.71},{81,12.71}}		201	1			103	0		302	1	0	0	0	0	0	-10	-10	-5	0	0	-100	100	-1	0	7	1000	3	0.1	-0.1	0.7	5	1	20	1	0	0	0	0	0	0
5002	精英 铁锤	0		103	{{1,18.4},{80,12.45},{81,12.45}}		201	1			103	0		302	1	0	0	0	0	0	-10	-10	-5	0	0	-100	100	-1	0	7	1000	3	0.1	-0.1	0.7	5	1	20	1	0	0	0	0	0	0
5003	精英 夏基	0		103	{{1,7},{80,3.46},{81,3.46}}		201	1			103	{{1,26.22},{80,13},{81,13}}		302	1	0	0	0	0	0	-5	0	-10	-5	-5	-100	100	-1	0	5	1000	3	0.1	-0.1	0.7	5	1	20	1	0	0	0	0	0	0
5004	精英 波伏娃系统	0		103	{{1,5.14},{80,3.39},{81,3.39}}		201	1			103	{{1,11.52},{80,8.23},{81,8.23}}		302	1	0	0	0	0	0	-10	-10	-5	0	0	-100	100	-1	0	7	1000	3	0.1	-0.1	0.7	5	1	20	1	0	0	0	0	0	0
5005	精英 审判官	0		103	{{1,18.4},{80,12.45},{81,12.45}}		201	1			103	0		302	1	0	0	0	0	0	-10	-10	-5	0	0	-100	100	-1	0	7	1000	3	0.1	-0.1	0.7	5	1	20	1	0	0	0	0	0	0
5006	精英 术士	0		103	{{1,10.74},{80,9.77},{81,9.77}}		201	1			103	0		302	1	0	0	0	0	0	-5	0	-10	-5	-5	-100	100	-1	0	5	1000	3	0.1	-0.1	0.7	5	1	20	1	0	0	0	0	0	0
5007	精英 洗礼官雷	0		103	{{1,6.21},{80,3.79},{81,3.79}}		201	1			103	{{1,12.42},{80,7.58},{81,7.58}}		302	1	0	0	0	0	0	-10	-10	-5	40	0	-100	100	-1	0	5	1000	3	0.1	-0.1	0.7	5	1	20	1	0	0	0	0	0	0
5008	精英 洗礼官火	0		103	{{1,6.21},{80,3.79},{81,3.79}}		201	1			103	{{1,12.42},{80,7.58},{81,7.58}}		302	1	0	0	0	0	0	-10	30	-5	0	0	-100	100	-1	0	5	1000	3	0.1	-0.1	0.7	5	1	20	1	0	0	0	0	0	0
5009	精英 洗礼官冰	0		103	{{1,6.21},{80,3.79},{81,3.79}}		201	1			103	{{1,12.42},{80,7.58},{81,7.58}}		302	1	0	0	0	0	0	-10	-10	35	0	0	-100	100	-1	0	5	1000	3	0.1	-0.1	0.7	5	1	20	1	0	0	0	0	0	0
5010	精英 洗礼官雷背包	500			0		201	1		0		0	0		0	0	0	0	0	0	-10	-10	-5	40	0	-100	100	-1	0	0	0	3	0.1	-0.1	0.7	5	1	20	1	0	0	0	0	0	0
5011	精英 洗礼官火背包	500			0		201	1		0		0	0		0	0	0	0	0	0	-10	30	-5	0	0	-100	100	-1	0	0	0	3	0.1	-0.1	0.7	5	1	20	1	0	0	0	0	0	0
5012	精英 洗礼官冰背包	500			0		201	1		0		0	0		0	0	0	0	0	0	-10	-10	35	0	0	-100	100	-1	0	0	0	3	0.1	-0.1	0.7	5	1	20	1	0	0	0	0	0	0
5013	精英部位 武装会员（废弃）	300			0		201	1		0		0	0		0	0	0	0	0	0	-10	-10	-5	0	0	-100	100	-1	0	3	1000	3	0.1	-0.1	0.7	5	1	20	1	0	0	0	0	0	0
5014	精英部位 波伏娃系统	300			0		201	1		0		0	0		0	0	0	0	0	0	-10	-10	-5	0	0	-100	100	-1	0	3	1000	3	0.1	-0.1	0.7	5	1	20	1	0	0	0	0	0	0
5015	精英部位 铁锤	400			0		201	1		0		0	0		0	0	0	0	0	0	-10	-10	-5	0	0	-100	100	-1	0	3	1000	3	0.1	-0.1	0.7	5	1	20	1	0	0	0	0	0	0
5016	精英 盖弥尔	0		103	{{1,22.39},{80,16.69},{81,16.69}}		201	1			103	0		302	1	0	0	0	0	0	-5	0	-10	-5	-5	-100	100	-1	0	0	1000	3	0.1	-0.1	0.7	5	1	20	1	0	0	0	0	0	0
5017	精英部位 盖弥尔可破坏部件	600			0		201	1		0		0	0		0	0	0	0	0	0	-5	0	-10	-5	-5	-100	100	-1	0	3	0	3	0.1	-0.1	0.7	5	1	20	1	0	0	0	0	0	0
5018	精英 古尔薇格	0		103	{{1,9.2},{80,6.22},{81,6.22}}		201	1			103	{{1,13.8},{80,9.34},{81,9.34}}		302	1	0	0	0	0	0	-5	0	-10	-5	-5	-100	100	-1	0	0	1000	3	0.1	-0.1	0.7	5	1	20	1	0	0	0	0	0	0
5019	精英 古尔薇格小兵	0		103	{{1,2},{80,2.94},{81,2.94}}		201	1			103	0		302	1	0	0	0	0	0	-5	0	-10	-5	-5	-100	100	-1	0	0	1000	3	0.1	-0.1	0.7	5	1	20	1	0	0	0	0	0	0
5020	精英部位 术士可破坏部件	600			0		201	1		0		0	0		0	0	0	0	0	0	-5	0	-10	-5	-5	-100	100	-1	0	3	0	3	0.1	-0.1	0.7	5	1	20	1	0	0	0	0	0	0
5021	精英 蒂阿兹	0		103	{{1,13.8},{80,9.74},{81,9.74}}		201	1			103	0		302	1	0	0	0	0	0	-5	0	-10	-5	-5	-100	100	-1	0	0	1000	3	0.1	-0.1	0.7	5	1	20	1	0	0	0	0	0	0
5022	精英部位 蒂阿兹可破坏部件	0		103	{{1,2.35},{80,4.71},{81,4.71}}		201	1			103	0		302	1	0	0	0	0	0	-5	0	-10	-5	-5	-100	100	-1	0	0	0	3	0.1	-0.1	0.7	5	1	20	1	0	0	0	0	0	0
5023	精英 压制者	0		103	{{1,8.95},{80,7.08},{81,7.08}}		201	1			103	0		302	1	0	0	0	0	0	0	-5	0	-10	-10	-100	100	-1	0	0	1000	3	0.1	-0.1	0.7	5	1	20	1	0	0	0	0	0	0
5024	精英 压制者僚机	0		103	{{1,1.47},{80,1.84},{81,1.84}}		201	1			103	0		302	1	0	0	0	0	0	0	-5	0	-10	-10	-100	100	-1	0	0	1000	3	0.1	-0.1	0.7	5	1	20	1	0	0	0	0	0	0
5025	精英 压制者可破坏部件	200			0		201	1		0		0	0		0	0	0	0	0	0	0	-5	0	-10	-10	-100	100	-1	0	0	0	3	0.1	-0.1	0.7	5	1	20	1	0	0	0	0	0	0
5026	精英 循声者	0		103	{{1,15.67},{80,9.49},{81,9.49}}		201	1			103	{{1,15.67},{80,9.49},{81,9.49}}		302	1	0	0	0	0	0	-5	0	-10	-5	-5	-100	100	-1	0	0	1000	3	0.1	-0.1	0.7	5	1	20	1	0	0	0	0	0	0
5027	精英 异化人	0		103	{{1,13.68},{80,10.59},{81,10.59}}		201	1			103	0		302	1	0	0	0	0	0	-5	0	-10	-5	-5	-100	100	-1	0	0	1000	3	0.1	-0.1	0.7	5	1	20	1	0	0	0	0	0	0
5028	精英 魔弹会员	0		103	{{1,4.6},{80,3.38},{81,3.38}}		201	1			103	{{1,9.66},{80,7.1},{81,7.1}}		302	1	0	0	0	0	0	-10	-10	-5	0	0	-100	100	-1	0	0	1000	3	0.1	-0.1	0.7	5	1	20	1	0	0	0	0	0	0
5029	精英部位 魔弹会员	600			0		201	1		0		0	0		0	0	0	0	0	0	-10	-10	-5	0	0	-100	100	-1	0	3	1	3	0.1	-0.1	0.7	5	1	20	1	0	0	0	0	0	0
5030	精英 格伦德尔（巨球）	0		103	{{1,16.32},{80,10.59},{81,10.59}}		201	1			103	0		302	1	0	0	0	0	0	-5	0	-10	-5	-5	-100	100	-1	0	0	1000	3	0.1	-0.1	0.7	5	1	20	1	0	0	0	0	0	0
5031	精英 泰古通达物流精英	0		103	{{1,14.71},{80,11.2},{81,11.2}}		201	1			103	0		302	1	0	0	0	0	0	0	-5	0	-10	-10	-100	100	-1	0	0	1000	3	0.1	-0.1	0.7	5	1	20	1	0	0	0	0	0	0
5032	精英 达卡机甲	0		103	{{1,13.8},{80,9.74},{81,9.74}}		201	1			103	0		302	1	0	0	0	0	0	0	-5	0	-10	-10	-100	100	-1	0	0	1000	3	0.1	-0.1	0.7	5	1	20	1	0	0	0	0	0	0
5033	精英 达卡机甲部位1	600			0		201	1		0		0	0		0	0	0	0	0	0	0	-5	0	-10	-10	-100	100	-1	0	0	0	3	0.1	-0.1	0.7	5	1	20	1	0	0	0	0	0	0
5034	精英 达卡机甲部位2	600			0		201	1		0		0	0		0	0	0	0	0	0	0	-5	0	-10	-10	-100	100	-1	0	0	0	3	0.1	-0.1	0.7	5	1	20	1	0	0	0	0	0	0
5035	精英 战斧	0		103	{{1,11.76},{80,9.2},{81,9.2}}		201	1			103	0		302	1	0	0	0	0	0	0	-5	0	-10	-10	-100	100	-1	0	0	1000	3	0.1	-0.1	0.7	5	1	20	1	0	0	0	0	0	0
5036	精英部位 战斧1	450			0		201	1		0		0	0		0	0	0	0	0	0	0	-5	0	-10	-10	-100	100	-1	0	0	0	3	0.1	-0.1	0.7	5	1	20	1	0	0	0	0	0	0
5037	精英部位 战斧2	450			0		201	1		0		0	0		0	0	0	0	0	0	0	-5	0	-10	-10	-100	100	-1	0	0	0	3	0.1	-0.1	0.7	5	1	20	1	0	0	0	0	0	0
5038	精英部位 战斧3	450			0		201	1		0		0	0		0	0	0	0	0	0	0	-5	0	-10	-10	-100	100	-1	0	0	0	3	0.1	-0.1	0.7	5	1	20	1	0	0	0	0	0	0
5039	精英部位 战斧4	450			0		201	1		0		0	0		0	0	0	0	0	0	0	-5	0	-10	-10	-100	100	-1	0	0	0	3	0.1	-0.1	0.7	5	1	20	1	0	0	0	0	0	0
5040	精英 鬣狗	0		103	{{1,11.76},{80,9.2},{81,9.2}}		201	1			103	0		302	1	0	0	0	0	0	0	-5	0	-10	-10	-100	100	-1	0	0	1000	3	0.1	-0.1	0.7	5	1	20	1	0	0	0	0	0	0
5041	精英部位 鬣狗1	450			0		201	1		0		0	0		0	0	0	0	0	0	0	-5	0	-10	-10	-100	100	-1	0	0	0	3	0.1	-0.1	0.7	5	1	20	1	0	0	0	0	0	0
5042	精英部位 鬣狗2	450			0		201	1		0		0	0		0	0	0	0	0	0	0	-5	0	-10	-10	-100	100	-1	0	0	0	3	0.1	-0.1	0.7	5	1	20	1	0	0	0	0	0	0
5043	精英 捕蝇草	0		103	{{1,13.24},{80,10.35},{81,10.35}}		201	1			103	0		302	1	0	0	0	0	0	0	-5	0	-10	-10	-100	100	-1	0	0	1000	3	0.1	-0.1	0.7	5	1	20	1	0	0	0	0	0	0
5044	精英 幻影部队高速近战	0		103	{{1,10},{80,7.65},{81,7.65}}		201	1			103	0		302	1	0	0	0	0	0	-10	-10	-5	0	0	-100	100	-1	0	7	700	3	0.1	-0.1	0.7	5	1	20	1	0	0	0	0	0	0
5045	精英 幻影部队强化远程	0		103	{{1,15.64},{80,9.2},{81,9.2}}		201	1			103	0		302	1	0	0	0	0	0	-10	-10	-5	0	0	-100	100	-1	0	7	700	3	0.1	-0.1	0.7	5	1	20	1	0	0	0	0	0	0
5046	精英部位 幻影部队强化远程部位	600			0		201	1		0		0	0		0	0	0	0	0	0	-10	-10	-5	0	0	-100	100	-1	0	3	1	3	0.1	-0.1	0.7	5	1	20	1	0	0	0	0	0	0
5047	精英 幻影部队高速近战（Boss召唤）	0		103	{{1,5},{80,4.71},{81,4.71}}		201	1			103	0		302	1	0	0	0	0	0	-10	-10	-5	0	0	-100	100	-1	0	7	700	3	0.1	-0.1	0.7	5	1	20	1	0	0	0	0	0	0
5048	精英 幻影部队赫尔墨斯	0		103	40		201	1			103	0		302	1	0	0	0	0	0	-10	-10	-5	0	0	-100	100	-1	0	7	700	3	0.1	-0.1	0.7	5	1	20	1	1	10	1	2	2	10
5049	精英 幻影部队强化远程（Boss召唤）	0		103	{{1,6.44},{80,3.79},{81,3.79}}		201	1			103	0		302	1	0	0	0	0	0	-10	-10	-5	0	0	-100	100	-1	0	7	700	3	0.1	-0.1	0.7	5	1	20	1	0	0	0	0	0	0
5050	精英 空壳遗迹守卫	0		103	{{1,13.24},{80,10.35},{81,10.35}}		201	1			103	0		302	1	0	0	0	0	0	0	-5	0	-10	-10	-100	100	-1	0	0	1000	3	0.1	-0.1	0.7	5	1	20	1	0	0	0	0	0	0
5051	部位 空壳遗迹守卫	750			0		201	1			103	0		302	1	0	0	0	0	0	0	-5	0	-10	-10	-100	100	-1	0	0	1000	3	0.1	-0.1	0.7	5	1	20	1	0	0	0	0	0	0
5052	精英 猛火	0		103	{{1,15.56},{80,11.36},{81,11.36}}		201	1			103	0		302	1	0	0	0	0	0	-10	-10	-5	0	0	-100	100	-1	0	3	1500	3	0.1	-0.1	0.7	5	1	20	1	0	0	0	0	0	0
5053	精英 重壁	0		103	{{1,15.56},{80,11.36},{81,11.36}}		201	1			103	0		302	1	0	0	0	0	0	-10	-10	-5	0	0	-100	100	-1	0	3	1500	3	0.1	-0.1	0.7	5	1	20	1	0	0	0	0	0	0
5054	召唤物 猛火导弹舱	300			0		201	1		0		0	0		0	0	0	0	0	0	-10	-10	-5	0	0	-100	100	-1	0	0	0	3	0.1	-0.1	0.7	5	1	20	1	0	0	0	0	0	0
5055	精英部位 猛火导弹舱发射器	1200			0		201	1		0		0	0		0	0	0	0	0	0	-10	-10	-5	0	0	-100	100	-1	0	0	0	3	0.1	-0.1	0.7	5	1	20	1	0	0	0	0	0	0
5056	精英 天启对策机	0		103	{{1,14.4},{80,10.16},{81,10.16}}		201	1			103	0		302	1	0	0	0	0	0	-10	-10	-5	0	0	-100	100	-1	0	3	1500	3	0.1	-0.1	0.7	5	1	20	1	0	0	0	0	0	0
5057	召唤物 反应机	600			0		201	1		0		0	0		0	0	0	0	0	0	-10	-10	-5	0	0	-100	100	-1	0	0	0	3	0.1	-0.1	0.7	5	1	20	1	0	0	0	0	0	0
5058	精英 巴伦支精英斥候	0		103	{{1,15},{80,10.6},{81,10.6}}		201	1			103	0		302	1	0	0	0	0	0	-10	-10	-5	0	0	-100	100	-1	0	3	1500	3	0.1	-0.1	0.7	5	1	20	1	0	0	0	0	0	0
5059	精英部位 巴伦支精英斥候1	600			0		201	1		0		0	0		0	0	0	0	0	0	-10	-10	-5	0	0	-100	100	-1	0	0	0	3	0.1	-0.1	0.7	5	1	20	1	0	0	0	0	0	0
5060	召唤物 巴伦支精英斥候	0		101	{{1,2},{80,2.94},{81,2.94}}		201	1			101	0		301	1	0	0	0	0	0	-10	-10	-5	0	0	-100	100	-1	0	3	5	3	0.1	-0.1	0.7	5	1	20	1	0	0	0	0	0	0
5061	精英 自走炮	0		103	{{1,7.68},{80,6.21},{81,6.21}}		201	1			103	0		302	1	0	0	0	0	0	-10	-10	-5	0	0	-100	100	-1	0	3	1500	3	0.1	-0.1	0.7	5	1	20	1	0	0	0	0	0	0
5062	精英 播种使徒	0		103	{{1,3.7},{80,3.8},{81,3.8}}		201	1			103	{{1,11.3},{80,11.5},{81,11.5}}		302	1	0	0	0	0	0	-10	-10	-5	0	0	-100	100	-1	0	3	1500	3	0.1	-0.1	0.7	5	1	20	1	0	0	0	0	0	0
5063	精英 赐福者	0		103	{{1,6.6},{80,6.2},{81,6.2}}		201	1			103	{{1,18.4},{80,17.1},{81,17.1}}		302	1	0	0	0	0	0	-10	-10	-5	0	0	-100	100	-1	0	3	1500	3	0.1	-0.1	0.7	5	1	20	1	0	0	0	0	0	0
5064	精英 真神室女	0		103	{{1,25.09},{80,21.17},{81,21.17}}		201	1			103	0		302	1	0	0	0	0	0	-10	0	0	0	0	-100	100	-1	0	3	1500	3	0.1	-0.1	0.7	5	1	20	1	0	0	0	0	0	0
5065	精英 太阳伞	0		103	{{1,25.09},{80,21.17},{81,21.17}}		201	1			103	0		302	1	0	0	0	0	0	40	0	-20	0	0	-100	100	-1	0	3	1500	3	0.1	-0.1	0.7	5	1	20	1	0	0	0	0	0	0
5066	精英部位 太阳伞光束屏障	600			0		201	1		0		0	0		1	0	0	0	0	0	40	0	-20	0	0	-100	100	-1	0	3	0	3	0.1	-0.1	0.7	5	1	20	1	0	0	0	0	0	0
5067	复生石人	0		103	{{1,9.8},{80,12.9},{81,12.9}}		201	1			103	{{1,29.6},{80,38.8},{81,38.8}}		302	1	0	0	0	0	0	0	0	0	0	0	-100	100	-1	0	3	1500	3	0.1	-0.1	0.7	5	1	20	1	0	0	0	0	0	0
5068	天枢无人机	0		103	{{1,16.8},{80,21.6},{81,21.6}}		201	1			103	0		302	1	0	0	0	0	0	0	0	0	0	0	-100	100	-1	0	3	1500	3	0.1	-0.1	0.7	5	1	20	1	0	0	0	0	0	0
5069	凶弹	0		103	{{1,16.8},{80,21.6},{81,21.6}}		201	1			103	0		302	1	0	0	0	0	0	0	0	0	0	0	-100	100	-1	0	3	1500	3	0.1	-0.1	0.7	5	1	20	1	0	0	0	0	0	0
5070	铁娘子	0		103	{{1,23.9},{80,16.5},{81,16.5}}		201	1			103	0		302	1	0	0	0	0	0	20	-40	0	0	0	-100	100	-1	0	3	1500	3	0.1	-0.1	0.7	5	1	20	1	0	0	0	0	0	0
5071	精英 卫城一型机兵	0		103	{{1,25},{80,16.47},{81,16.47}}		201	1			103	0		302	1	0	0	0	0	0	0	0	20	20	-20	-100	100	-1	0	0	1500	3	0.1	-0.1	0.7	5	1	20	1	0	0	0	0	0	0
5072	精英 卫城二型机兵	0		103	{{1,25},{80,16.47},{81,16.47}}		201	1			103	0		302	1	0	0	0	0	0	0	0	20	20	-20	-100	100	-1	0	0	1500	3	0.1	-0.1	0.7	5	1	20	1	0	0	0	0	0	0
5073	精英 螺旋小子	0		103	{{1,32.5},{80,24.7},{81,24.7}}		201	1			103	0		302	1	0	0	0	0	0	0	0	0	0	0	-100	100	-1	0	0	1500	3	0.1	-0.1	0.7	5	1	20	1	0	0	0	0	0	0
5074	精英 格伦德尔（蓝色NPC）	0		103	{{1,16.32},{80,10.59},{81,10.59}}		201	1			103	0		302	1	0	0	0	0	0	-5	0	-10	-5	-5	-100	100	-1	0	0	1000	3	0.1	-0.1	0.7	5	1	20	1	0	0	0	0	0	0
5075	精英 格伦德尔（红色NPC）	0		103	{{1,16.32},{80,10.59},{81,10.59}}		201	1			103	0		302	1	0	0	0	0	0	-5	0	-10	-5	-5	-100	100	-1	0	0	1000	3	0.1	-0.1	0.7	5	1	20	1	0	0	0	0	0	0
5076	精英 畸态异化人	0		103	{{1,37.65},{80,21.65},{81,21.65}}		201	1			103	0		302	1	0	0	0	0	0	-5	0	-10	-5	-5	-100	100	-1	0	0	1000	3	0.1	-0.1	0.7	5	1	20	1	0	0	0	0	0	0
5077	精英 晶态异化人	0		103	{{1,37.65},{80,21.65},{81,21.65}}		201	1			103	0		302	1	0	0	0	0	0	-5	0	-10	-5	-5	-100	100	-1	0	0	1000	3	0.1	-0.1	0.7	5	1	20	1	0	0	0	0	0	0
																																													
6001	BOSS XM2	0		104	69.34		201	1			104	0		303	1	0	0	0	0	0	0	-5	0	-10	-10	0	100	-1	0	15	0	3	0.1	-0.1	0.7	5	1	20	1	1	10	1	2	2	10
6002	BOSS 约瑟夫	0		104	59.69		201	1			104	0		303	1	0	0	0	0	0	-10	-10	-5	0	0	0	100	-1	0	8	0	3	0.1	-0.1	0.7	5	1	20	1	1	10	1	2	2	10
6003	BOSS 波伏娃13	0		104	34.28		201	1			104	12.86		303	1	0	0	0	0	0	-10	-10	-5	0	0	0	100	-1	0	10	0	3	0.1	-0.1	0.7	5	1	20	1	1	10	1	2	2	10
6004	BOSS 海拉	0		104	66.65		201	1			104	0		303	1	0	0	0	0	0	-5	0	-10	-5	-5	0	100	-1	0	15	0	3	0.1	-0.1	0.7	5	1	20	1	1	10	1	2	2	10
6005	BOSS 加文	0		104	46		201	1			104	27.6		303	1	0	0	0	0	0	-10	-10	-5	0	0	0	100	-1	0	8	0	3	0.1	-0.1	0.7	5	1	20	1	1	10	1	2	2	10
6006	BOSS 尤弥尔	0		104	60.61		201	1			104	0		303	1	0	0	0	0	0	-5	0	-10	-5	-5	0	100	-1	0	5	0	3	0.1	-0.1	0.7	5	1	20	1	1	10	1	2	2	10
6007	BOSS 新手海拉	0		104	150		201	1			104	0		303	1	0	0	0	0	0	-5	0	-10	-5	-5	0	100	-1	0	15	0	3	0.1	-0.1	0.7	5	1	20	1	1	10	1	2	2	10
6008	BOSS 挑战-波伏娃	0		104	34.28		201	1			104	25.71		303	1	0	0	0	0	0	-10	-10	-5	0	0	0	100	-1	0	8	0	3	0.1	-0.1	0.7	5	1	20	1	1	10	1	2	2	10
6009	BOSS 萨特	0		104	34.28		201	1			104	38.57		303	1	0	0	0	0	0	-10	-10	-5	0	0	0	100	-1	0	8	0	3	0.1	-0.1	0.7	5	1	20	1	1	10	1	2	2	10
6010	BOSS刻耳柏洛斯	0		104	55.2		201	1			104	0		303	1	0	0	0	0	0	0	-5	0	-10	-10	0	100	-1	0	0	0	3	0.1	-0.1	0.7	5	1	20	1	1	10	1	2	2	10
6011	BOSS刻耳柏洛斯的小狗	0		104	4.71		201	1			104	0		303	1	0	0	0	0	0	0	-5	0	-10	-10	0	100	-1	0	0	0	3	0.1	-0.1	0.7	5	1	20	1	0	10	1	2	2	10
6012	BOSS 第九章 尤弥尔	0		104	45.46		201	1			104	11.36		303	1	0	0	0	0	0	-5	0	-10	-5	-5	0	100	-1	0	0	0	3	0.1	-0.1	0.7	5	1	20	1	1	10	1	2	2	10
6013	BOSS 爱思特	0		104	38.97		201	1			104	0		303	1	0	0	0	0	0	-10	-10	-5	0	0	0	100	-1	0	0	0	3	0.1	-0.1	0.7	5	1	20	1	1	10	1	2	2	10
6014	BOSS 祟	0		104	105.9		201	1			104	0		303	1	0	0	0	0	0	-5	0	-10	-5	-5	0	100	-1	0	0	0	3	0.1	-0.1	0.7	5	1	20	1	1	10	1	2	2	10
6015	BOSS 弱化XM2	0		104	34.67		201	1			104	0		303	1	0	0	0	0	0	0	-5	0	-10	-10	0	100	-1	0	15	0	3	0.1	-0.1	0.7	5	1	20	1	1	10	1	2	2	10
6016	Boss 威尔安德森	0		104	39.04		201	1			104	0		303	1	0	0	0	0	0	-10	-10	-5	0	0	0	100	-1	0	8	1500	3	0.1	-0.1	0.7	5	1	20	1	1	10	1	2	2	10
6017	BOSS MCTeaPot	0		104	57.6		201	1			104	0		303	1	0	0	0	0	0	0	-5	0	-10	-10	0	100	-1	0	8	0	3	0.1	-0.1	0.7	5	1	20	1	1	10	1	2	2	10
6018	BOSS MCTeaPot召唤物1	150			0		201	1		0		0	0		0	0	0	0	0	0	0	-5	0	-10	-10	-100	100	-1	0	3	1	3	0.1	-0.1	0.7	5	1	20	1	0	0	0	0	0	0
6019	BOSS MCTeaPot召唤物2	225			0		201	1		0		0	0		0	0	0	0	0	0	0	-5	0	-10	-10	-100	100	-1	0	3	1	3	0.1	-0.1	0.7	5	1	20	1	0	0	0	0	0	0
6020	BOSS 新-约瑟夫	0		104	38.82		201	0.8			104	0		303	1	0	0	0	0	0	-10	-10	-5	0	0	0	100	-1	0	0	0	3	0.1	-0.1	0.7	5	1	20	1	1	10	1	2	2	10
6021	BOSS 新-约瑟夫导弹舱	150			0		201	1		0		0	0		0	0	0	0	0	0	-10	-10	-5	0	0	-100	100	-1	0	0	0	3	0.1	-0.1	0.7	5	1	20	1	0	0	0	0	0	0
6022	BOSS 弹幕方块1型	0		104	26.66		201	1			104	119.98		303	1	0	0	0	0	0	-5	0	-10	-5	-5	0	100	-1	0	7	0	3	0.1	-0.1	0.7	5	1	20	1	1	10	1	2	2	10
6023	Boss火工头陀	0		104	85		201	1			104	0		303	1	0	0	0	0	0	-5	0	-10	-5	-5	0	100	-1	0	5	0	3	0.1	-0.1	0.7	5	1	20	1	1	10	1	2	2	10
6024	BOSS 二律背反的盟约	0		104	65		201	1			104	0		303	1	0	0	0	0	0	40	0	0	0	-20	0	100	-1	0	8	0	3	0.1	-0.1	0.7	5	1	20	1	1	10	1	2	2	10
6025	BOSS 二律背反的盟约可破坏部件	700			0		201	1		0		0	0		0	0	0	0	0	0	40	0	0	0	-20	-100	100	-1	0	0	0	3	0.1	-0.1	0.7	5	1	20	1	0	0	0	0	0	0
6026	BOSS 火祟	0		104	105.9		201	1			104	0		303	1	0	0	0	0	0	-5	80	-10	-5	0	0	100	-1	0	0	0	3	0.1	-0.1	0.7	5	1	20	1	1	10	1	2	2	10
6027	BOSS 冰祟	0		104	105.9		201	1			104	0		303	1	0	0	0	0	0	-5	0	80	-5	0	0	100	-1	0	0	0	3	0.1	-0.1	0.7	5	1	20	1	1	10	1	2	2	10
6028	Boss 凯茜娅覆霜	0		104	20		201	1			104	40		303	1	0	0	0	0	0	-40	0	60	0	0	-100	100	-1	0	7	700	3	0.1	-0.1	0.7	5	1	20	1	1	10	1	2	2	10
6029	Boss 威尔安德森（亚种）	0		104	35		201	1			104	0		303	1	0	0	0	0	0	-40	60	0	0	0	0	100	-1	0	8	1500	3	0.1	-0.1	0.7	5	1	20	1	1	10	1	2	2	10
6030	Boss 恒沙之眼	1000		104	35		201	1			104	0		303	1	0	0	0	0	0	-50	60	0	0	0	0	100	-1	0	8	1500	3	0.1	-0.1	0.7	5	1	20	1	1	10	1	2	2	10
6031	BOSS 派纯洁一阶段可破坏子弹	200			0		201	1		0		0	0		0	0	0	0	0	0	40	-20	0	0	0	-100	100	-1	0	0	0	3	0.1	-0.1	0.7	5	1	20	1	0	0	0	0	0	0
6032	BOSS 派纯洁一阶段消除程序	500			0		201	1		0		0	0		0	0	0	0	0	0	40	-20	0	0	0	-100	100	-1	0	0	0	3	0.1	-0.1	0.7	5	1	20	1	0	0	0	0	0	0
6033	BOSS 派纯洁二阶段本体	0		104	60.61		201	1			104	0		303	1	0	0	0	0	0	40	-20	0	0	0	0	100	-1	0	5	0	3	0.1	-0.1	0.7	5	1	20	1	1	10	1	2	2	10
6034	BOSS 派纯洁二阶段可破坏物	200			0		201	1		0		0	0		0	0	0	0	0	0	40	-20	0	0	0	-100	100	-1	0	0	0	3	0.1	-0.1	0.7	5	1	20	1	0	0	0	0	0	0
6035	BOSS 派纯洁二阶段小球	0		104	25		201	1			104	0		303	1	0	0	0	0	0	40	-20	0	0	0	0	100	-1	0	5	0	3	0.1	-0.1	0.7	5	1	20	1	1	10	1	2	2	10
6036	Boss 初诞的沃坦	0		104	62.5		201	1			104	0		303	1	0	0	0	0	0	-20	0	0	0	40	0	100	-1	0	0	0	3	0.1	-0.1	0.7	5	1	20	1	1	10	1	2	2	10
6037	Boss 真神沃坦	0		104	87.5		201	1			104	0		303	1	0	0	0	0	0	-20	0	0	0	40	0	100	-1	0	0	0	3	0.1	-0.1	0.7	5	1	20	1	1	10	1	2	2	10
6038	Boss 初诞的沃坦（联机）	0		104	75		201	1			104	0		303	1	0	0	0	0	0	-20	0	0	0	40	0	100	-1	0	0	0	3	0.1	-0.1	0.7	5	1	20	1	1	10	1	2	2	10
6039	Boss 真神沃坦（联机）	0		104	105		201	1			104	0		303	1	0	0	0	0	0	-20	0	0	0	40	0	100	-1	0	0	0	3	0.1	-0.1	0.7	5	1	20	1	1	10	1	2	2	10
6040	BOSS 弹幕方块2型	0		104	26.66		201	1			104	119.98		303	1	0	0	0	0	0	0	0	-40	-40	60	0	100	-1	0	7	0	3	0.1	-0.1	0.7	5	1	20	1	1	10	1	2	2	10
6041	BOSS 狄俄尼索斯	0		104	80		201	1			104	0		303	1	0	0	0	0	0	0	40	0	-20	0	0	100	-1	0	8	0	3	0.1	-0.1	0.7	5	1	20	1	1	10	1	2	2	10
6042	BOSS刻耳柏洛斯亚种	0		104	95		201	1			104	0		303	1	0	0	0	0	0	0	40	-40	0	0	0	100	-1	0	0	0	3	0.1	-0.1	0.7	5	1	20	1	1	10	1	2	2	10
6043	Boss 尘白恶魔号	0		104	110		201	1			104	0		303	1	0	0	0	0	0	40	0	-20	0	0	0	100	-1	0	10	0	3	0.1	-0.1	0.7	5	1	20	1	1	10	1	2	2	10
6044	BOSS 蒙古沙虫	0		104	25		201	1			104	127		303	1	0	0	0	0	0	0	0	0	40	-20	0	100	-1	0	15	0	3	0.1	-0.1	0.7	5	1	20	1	1	10	1	2	2	10
6045	BOSS 通用噬神斗场	0		104	100		201	1			104	0		303	1	0	0	0	0	0	0	0	0	0	0	0	100	-1	0	0	0	3	0.1	-0.1	0.7	5	1	20	1	1	10	1	2	2	10
6046	BOSS 噬神斗场-小透	0		104	100		201	1			104	0		303	1	0	0	0	0	0	0	0	0	0	0	0	100	-1	0	8	0	3	0.1	-0.1	0.7	5	1	20	1	1	10	1	2	2	10
6047	BOSS 噬神斗场-四足	0		104	100		201	1			104	0		303	1	0	0	0	0	0	0	0	0	0	0	0	100	-1	0	8	0	3	0.1	-0.1	0.7	5	1	20	1	1	10	1	2	2	10
6048	BOSS 食夜影兽	0		104	50		201	1			104	100		303	1	0	0	0	0	0	0	-20	40	0	0	0	100	-1	0	8	0	3	0.1	-0.1	0.7	5	1	20	1	1	10	1	2	2	10
6049	BOSS 噬神斗场-尤弥尔	0		104	100		201	0.75			104	0		303	1	0	0	0	0	0	0	0	0	0	0	0	100	-1	0	8	0	3	0.1	-0.1	0.7	5	1	20	1	1	10	1	2	2	10
6050	BOSS 舍塔无正觉·慈	0		104	40		201	1			104	80		303	1	0	0	0	0	0	0	0	0	-20	40	0	100	-1	0	8	0	3	0.1	-0.1	0.7	5	1	20	1	1	10	1	2	2	10
6051	BOSS 舍塔无正觉·怒	0		104	40		201	1			104	80		303	1	0	0	0	0	0	0	0	0	-20	40	0	100	-1	0	8	0	3	0.1	-0.1	0.7	5	1	20	1	1	10	1	2	2	10
6052	BOSS 噬神斗场-高护盾	0		104	50		201	1			104	50		303	1	0	0	0	0	0	0	0	0	0	0	0	100	-1	0	8	0	3	0.1	-0.1	0.7	5	1	20	1	1	10	1	2	2	10
6053	BOSS 梦神（拟境）	0		104	160		201	1			0	127		303	1	0	0	0	0	0	-30	40	0	0	0	0	100	-1	0	15	0	3	0.1	-0.1	0.7	5	1	20	1	1	10	1	2	2	10
6054	BOSS 梦神（主线）	0		104	200		201	1			0	127		303	1	0	0	0	0	0	-30	40	0	0	0	0	100	-1	0	15	0	3	0.1	-0.1	0.7	5	1	20	1	1	10	1	2	2	10
6055	BOSS 海底观测者	0		104	120		201	1	2		104	120		303	1	0	0	0	0	0	0	0	40	40	-40	0	100	-1	0	8	0	3	0.1	-0.1	0.7	5	1	20	1	1	10	1	2	2	10
6056	BOSS 噬神斗场-技能护盾	0		104	{{1,50},{89,50},{90,300}}		201	1	2		104	{{1,50},{89,50},{90,300}}		303	1	0	0	0	0	0	0	0	0	0	0	0	100	-1	0	8	0	3	0.1	-0.1	0.7	5	1	20	1	1	10	1	2	2	10
6057	BOSS 战斗人偶军团（母体）	0		104	300		201	1			104	0		303	1	0	0	0	0	0	40	0	-30	40	0	0	100	-1	0	15	0	3	0.1	-0.1	0.7	5	1	20	1	1	10	1	2	2	10
6058	BOSS 战斗人偶军团红战士	0		104	52.5		201	1			104	0		303	1	0	0	0	0	0	40	0	-30	40	0	0	100	-1	0	15	0	3	0.1	-0.1	0.7	5	1	20	1	1	10	1	2	2	10
6059	BOSS 战斗人偶军团紫战士	0		104	52.5		201	1			104	0		303	1	0	0	0	0	0	40	0	-30	40	0	0	100	-1	0	15	0	3	0.1	-0.1	0.7	5	1	20	1	1	10	1	2	2	10
6060	BOSS 战斗人偶军团黄战士	0		104	52.5		201	1			104	0		303	1	0	0	0	0	0	40	0	-30	40	0	0	100	-1	0	15	0	3	0.1	-0.1	0.7	5	1	20	1	1	10	1	2	2	10
6061	BOSS 战斗人偶军团绿战士	0		104	52.5		201	1			104	0		303	1	0	0	0	0	0	40	0	-30	40	0	0	100	-1	0	15	0	3	0.1	-0.1	0.7	5	1	20	1	1	10	1	2	2	10
6062	BOSS 噬孽机·卡律布狄斯	0		104	250		201	1						303	1	0	0	0	0	0	15	15	30	30	-10	0	100	-1	0	8	0	3	0.1	-0.1	0.7	5	1	20	1	1	10	1	2	2	10
6063	BOSS 通用噬神斗场	0		104	{{1,100},{89,100},{90,2000}}		201	1			104	0		303	1	0	0	0	0	0	0	0	0	0	0	0	100	-1	0	0	0	3	0.1	-0.1	0.7	5	1	20	1	1	10	1	2	2	10
6064	BOSS 尼亚尔磐石	0		104	150		201	1	2		104	75		303	1	0	0	0	0	0	-30	-30	30	30	30	0	100	-1	0	8	0	3	0.1	-0.1	0.7	5	1	20	1	1	10	1	2	2	10
6065	BOSS 祟·超越精神拟境用	0		104	300		201	1			104	0		303	1	0	0	0	0	0	-20	40	-20	0	40	0	100	-1	0	0	0	3	0.1	-0.1	0.7	5	1	20	1	1	10	1	2	2	10
6066	BOSS 米拉·猩红武装	0		104	450		201	1			104	0		303	1	0	0	0	0	0	-30	0	40	40	0	0	100	-1	0	8	0	3	0.1	-0.1	0.7	5	1	20	1	1	10	1	2	2	10
6067	BOSS 噬神斗场-技能护盾	0		104	{{1,100},{89,100},{90,2000}}		201	1	2		104	{{1,100},{89,100},{90,2000}}		303	1	0	0	0	0	0	0	0	0	0	0	0	100	-1	0	8	0	3	0.1	-0.1	0.7	5	1	20	1	1	10	1	2	2	10
6068	BOSS 噬神斗场-高护盾	0		104	{{1,100},{89,100},{90,2000}}		201	1			104	{{1,100},{89,100},{90,2000}}		303	1	0	0	0	0	0	0	0	0	0	0	0	100	-1	0	8	0	3	0.1	-0.1	0.7	5	1	20	1	1	10	1	2	2	10
6069	BOSS 蛇女（主线）	0		104	100		201	1			104	0		303	1	0	0	0	0	0	-20	0	0	0	0	0	100	-1	0	8	0	3	0.1	-0.1	0.7	5	1	20	1	1	10	1	2	2	10
6070	BOSS SpH-L12	0		104	275		201	1	4		104	330		303	1	0	0	0	0	0	60	-30	30	60	0	0	100	-1	0	8	0	3	0.1	-0.1	0.7	5	1	20	1	1	10	1	2	2	10
6071	BOSS 噬神斗场-超级射击护盾	0		104	{{1,50},{89,50},{90,2000}}		201	1	3		104	{{1,50},{89,50},{90,2000}}		303	1	0	0	0	0	0	0	0	0	0	0	0	100	-1	0	8	0	3	0.1	-0.1	0.7	5	1	20	1	1	10	1	2	2	10
6072	BOSS 噬神斗场-超级技能护盾	0		104	{{1,50},{89,50},{90,2000}}		201	1	4		104	{{1,50},{89,50},{90,2000}}		303	1	0	0	0	0	0	0	0	0	0	0	0	100	-1	0	8	0	3	0.1	-0.1	0.7	5	1	20	1	1	10	1	2	2	10
6073	BOSS 新序章-尤弥尔（特殊调整）	0		104	150		201	1			104	0		303	1	0	0	0	0	0	0	0	0	0	0	0	100	-1	0	0	0	3	0.1	-0.1	0.7	5	1	20	1	1	10	1	2	2	10
6078	BOSS-起源物种一阶段(主线)	0		104	30		201	1	3		104	60		303	1	0	0	0	0	0	0	50	50	-30	0	0	100	-1	0	0	0	3	0.1	-0.1	0.7	5	1	20	1	1	10	1	2	2	10
6079	BOSS-起源物种二阶段(主线)	0		104	30		201	1	3		104	60		303	1	0	0	0	0	0	0	50	50	-30	0	0	100	-1	0	0	0	3	0.1	-0.1	0.7	5	1	20	1	1	10	1	2	2	10
6080	BOSS-起源物种（拟境特供）	0		104	80		201	1	3		104	200		303	1	0	0	0	0	0	0	50	50	-30	0	0	100	-1	0	0	0	3	0.1	-0.1	0.7	5	1	20	1	1	10	1	2	2	10
6081	BOSS-埃吉尔（拟境特供）	0		104	240		201	1	3		104	0		303	1	0	0	0	0	0	-30	30	0	0	0	0	100	-1	0	0	0	3	0.1	-0.1	0.7	5	1	20	1	1	10	1	2	2	10
6082	BOSS 西西弗斯	0		104	250		201	1	3		104	350		303	1	0	0	0	0	0	0	50	0	50	-30	0	100	-1	0	8	0	3	0.1	-0.1	0.7	5	1	20	1	1	10	1	2	2	10
6083	BOSS 西西弗斯分身	0		104	20		201	1			104	0		303	1	0	0	0	0	0	0	50	0	50	-30	0	100	-1	0	8	0	3	0.1	-0.1	0.7	5	1	20	1	1	10	1	2	2	10
6084	BOSS-星祈雪人号A	0		104	80		201	1	3		104	300		303	1	0	0	0	0	0	0	0	0	0	-40	0	100	-1	0	0	0	3	0.1	-0.1	0.7	5	1	20	1	1	10	1	2	2	10
6085	BOSS-星祈雪人号B	0		104	80		201	1	3		104	300		303	1	0	0	0	0	0	0	0	0	0	-40	0	100	-1	0	0	0	3	0.1	-0.1	0.7	5	1	20	1	1	10	1	2	2	10
6086	BOSS-瑟茜	0		104	435		201	1	4		104	600		303	1	0	0	0	0	0	-30	50	50	0	0	0	100	-1	0	0	0	3	0.1	-0.1	0.7	5	1	20	1	1	10	1	2	2	10
6087	BOSS-神座·狐相	0		104	500		201	1	3		104	300		303	1	0	0	0	0	0	50	-30	0	0	50	0	100	-1	0	0	0	3	0.1	-0.1	0.7	5	1	20	1	1	10	1	2	2	10
6088	BOSS-苏菲	0		104	500		201	1	4		104	300		303	1	0	0	0	0	0	50	0	0	-30	50	0	100	-1	0	0	0	3	0.1	-0.1	0.7	5	1	20	1	1	10	1	2	2	10
																																													
30001	活动BOSS 食夜影兽（无护盾版本）	0		104	150		201	1						303	1	0	0	0	0	0	0	-20	40	0	0	0	100	-1	0	8	0	3	0.1	-0.1	0.7	5	1	20	1	1	10	1	2	2	10
																																													
7001	四足机甲 腿部外装甲	600			0		201	1		0		0	0		0	0	0	0	0	0	0	-5	0	-10	-10	-100	100	-1	0	3	1	3	0.1	-0.1	0.7	5	1	20	1	0	0	0	0	0	0
7002	四足机甲 腿部核心	0		104	2		201	1			104	0		303	1	0	0	0	0	0	0	-5	0	-10	-10	0	100	-1	0	0	0	3	0.1	-0.1	0.7	5	1	20	1	0	0	0	0	0	0
7003	四足机甲 背部核心	0		104	100		201	1			104	0		303	1	0	0	0	0	0	0	-5	0	-10	-10	0	100	-1	0	0	0	3	0.1	-0.1	0.7	5	1	20	1	0	0	0	0	0	0
7004	海拉 四肢	1500			0		201	1		0		0	0		0	0	0	0	0	0	-5	0	-10	-5	-5	-100	100	-1	0	3	1	3	0.1	-0.1	0.7	5	1	20	1	0	0	0	0	0	0
7005	海拉 背部挂件	2500			0		201	1		0		0	0		0	0	0	0	0	0	-5	0	-10	-5	-5	-100	100	-1	0	3	1	3	0.1	-0.1	0.7	5	1	20	1	0	0	0	0	0	0
7006	炉子盾牌	750			0		201	1		0		0	0		0	0	0	0	0	0	-10	-10	-5	0	0	-100	100	-1	0	3	1	3	0.1	-0.1	0.7	5	1	20	1	0	0	0	0	0	0
7007	炉子背包	200			0		201	1		0		0	0		0	0	0	0	0	0	-10	-10	-5	0	0	-100	100	-1	0	3	1	3	0.1	-0.1	0.7	5	1	20	1	0	0	0	0	0	0
7008	灯泡背包	100			0		201	1		0		0	0		0	0	0	0	0	0	-10	-10	-5	0	0	-100	100	-1	0	3	1	3	0.1	-0.1	0.7	5	1	20	1	0	0	0	0	0	0
7009	审判者护罩	600			0		201	1		0		0	0		0	0	0	0	0	0	-10	-10	-5	0	0	-100	100	-1	0	3	1	3	0.1	-0.1	0.7	5	1	20	1	0	0	0	0	0	0
7010	精英夏基 肩膀	600			0		201	1		0		0	0		0	0	0	0	0	0	-5	0	-10	-5	-5	-100	100	-1	0	3	1	3	0.1	-0.1	0.7	5	1	20	1	0	0	0	0	0	0
7011	四足机甲 肩甲炮	1500			0		201	1		0		0	0		0	0	0	0	0	0	0	-5	0	-10	-10	-100	100	-1	0	3	1	3	0.1	-0.1	0.7	5	1	20	1	0	0	0	0	0	0
7012	海拉 手臂挂件	1500			0		201	1		0		0	0		0	0	0	0	0	0	-5	0	-10	-5	-5	-100	100	-1	0	3	1	3	0.1	-0.1	0.7	5	1	20	1	0	0	0	0	0	0
7013	祟 头部挂件	0		104	3		201	1			104	0		303	1	0	0	0	0	0	-5	0	-10	-5	-5	0	100	-1	0	0	0	3	0.1	-0.1	0.7	5	1	20	1	0	0	0	0	0	0
7014	祟 身体挂件	0		104	1.5		201	1			104	0		303	1	0	0	0	0	0	-5	0	-10	-5	-5	0	100	-1	0	0	0	3	0.1	-0.1	0.7	5	1	20	1	0	0	0	0	0	0
7015	海拉 序章 四肢	750			0		201	1		0		0	0		0	0	0	0	0	0	-5	0	-10	-5	-5	-100	100	-1	0	3	1	3	0.1	-0.1	0.7	5	1	20	1	0	0	0	0	0	0
7016	威尔  强化部位	600			0		201	1		0		0	0		0	0	0	0	0	0	-10	-10	-5	0	0	-100	100	-1	0	3	1	3	0.1	-0.1	0.7	5	1	20	1	0	0	0	0	0	0
7017	MCTeaPot气球	650			0		201	1		0		0	0		0	0	0	0	0	0	0	0	0	0	0	-100	100	-1	0	3	1	3	0.1	-0.1	0.7	5	1	20	1	0	0	0	0	0	0
7018	新-约瑟夫 挂舱	2500			0		201	1		0		0	0		0	0	0	0	0	0	-10	-10	-5	0	0	-100	100	-1	0	0	0	3	0.1	-0.1	0.7	5	1	20	1	0	0	0	0	0	0
7019	新-约瑟夫 板甲	1050			0		201	1		0		0	0		0	0	0	0	0	0	-10	-10	-5	0	0	-100	100	-1	0	0	0	3	0.1	-0.1	0.7	5	1	20	1	0	0	0	0	0	0
7020	新-约瑟夫 背炮	750			0		201	1		0		0	0		0	0	0	0	0	0	-10	-10	-5	0	0	-100	100	-1	0	0	0	3	0.1	-0.1	0.7	5	1	20	1	0	0	0	0	0	0
7021	弹幕方块2型黄甲	750			0		201	1		0		0	0		0	0	0	0	0	0	0	0	-40	-40	60	-100	100	-1	0	0	0	3	0.1	-0.1	0.7	5	1	20	1	0	0	0	0	0	0
7022	BOSS 狄俄尼索斯可破坏部位酒壶	400			0		201	1		0		0	0		0	0	0	0	0	0	0	40	0	-20	0	-100	100	-1	0	0	0	3	0.1	-0.1	0.7	5	1	20	1	0	0	0	0	0	0
7023	BOSS 狄俄尼索斯可破坏部位肩甲1	400			0		201	1		0		0	0		0	0	0	0	0	0	0	40	0	-20	0	-100	100	-1	0	0	0	3	0.1	-0.1	0.7	5	1	20	1	0	0	0	0	0	0
7024	BOSS 狄俄尼索斯可破坏部位肩甲2	400			0		201	1		0		0	0		0	0	0	0	0	0	0	40	0	-20	0	-100	100	-1	0	0	0	3	0.1	-0.1	0.7	5	1	20	1	0	0	0	0	0	0
7025	BOSS 狄俄尼索斯可破坏部位武器	400			0		201	1		0		0	0		0	0	0	0	0	0	0	40	0	-20	0	-100	100	-1	0	0	0	3	0.1	-0.1	0.7	5	1	20	1	0	0	0	0	0	0
7026	BOSS 尘白恶魔光束护罩	600			0		201	1		0		0	0		1	0	0	0	0	0	40	0	-20	0	0	-100	100	-1	0	3	0	3	0.1	-0.1	0.7	5	1	20	1	0	0	0	0	0	0
7027	沙虫身体可击破部位	0		104	5		201	1			104	0		303	1	0	0	0	0	0	-5	0	-10	-5	-5	0	100	-1	0	0	0	3	0.1	-0.1	0.7	5	1	20	1	0	0	0	0	0	0
7028	BOSS 噬神斗场-四足外部	0		104	15		201	1			104	0		303	1	0	0	0	0	0	0	0	0	0	0	0	100	-1	0	0	0	3	0.1	-0.1	0.7	5	1	20	1	0	0	0	0	0	0
7029	BOSS 噬神斗场-新-约瑟夫 板甲	0		104	15		201	1			101	0		301	1	0	0	0	0	0	-10	-10	-5	0	0	-100	100	-1	0	3	5	3	0.1	-0.1	0.7	5	1	20	1	0	0	0	0	0	0
7030	BOSS 战斗人偶军团（母体）-弱点	450			0		201	1		0		0	0		0	0	0	0	0	0	0	0	0	0	0	-100	100	-1	0	0	0	3	0.1	-0.1	0.7	5	1	20	1	0	0	0	0	0	0
7031	起源物种-临时弱点	600			0		201	1		0		0	0		0	0	0	0	0	0	0	0	0	0	0	-100	100	-1	0	0	0	3	0.1	-0.1	0.7	5	1	20	1	0	0	0	0	0	0
7032	机器雪人可破坏雪罐	0		104	50		201	1		0		0	0		0	0	0	0	0	0	0	0	0	0	0	-100	100	-1	0	0	0	3	0.1	-0.1	0.7	5	1	20	1	0	0	0	0	0	0
7033	瑟茜-沙漏	0		104	60		201	1				0		303	1	0	0	0	0	0	-30	50	50	0	0	0	100	-1	0	0	0	3	0.1	-0.1	0.7	5	1	20	1	0	0	0	0	0	0
7034	苏菲黄甲1	300			0		201	1		0		0	0		0	0	0	0	0	0	0	0	0	0	0	-100	100	-1	0	0	0	3	0.1	-0.1	0.7	5	1	20	1	0	0	0	0	0	0
7035	苏菲黄甲2	450			0		201	1		0		0	0		0	0	0	0	0	0	0	0	0	0	0	-100	100	-1	0	0	0	3	0.1	-0.1	0.7	5	1	20	1	0	0	0	0	0	0
																																													
8001	金币本-大只佬	0		101	25		201	1			101	0		301	1	0	0	0	0	0	0	0	0	0	0	-100	100	-1	0	3	0	3	0.1	-0.1	0.7	5	1	20	1	0	0	0	0	0	0
8002	金币本-小怪	0		101	2		201	1			101	0		301	1	0	0	0	0	0	0	0	0	0	0	-100	150	-1	0	3	0	3	0.1	-0.1	0.7	5	1	20	1	0	0	0	0	0	0
8003	炸弹小车	0		105	{{1,0.59},{80,2.06},{81,2.06}}		201	1			101	0		301	1	0	0	0	0	0	0	-5	0	-10	-10	-100	100	-1	0	3	5	3	0.1	-0.1	0.7	5	1	20	1	0	0	0	0	0	0
8004	布雷器	0		101	{{1,0.74},{80,2},{81,2}}		201	1			101	0		301	1	0	0	0	0	0	0	-5	0	-10	-10	-100	100	-1	0	3	0	3	0.1	-0.1	0.7	5	1	20	1	0	0	0	0	0	0
8005	霰弹枪架陷阱	0		101	{{1,0.74},{80,2},{81,2}}		201	1			101	0		301	1	0	0	0	0	0	0	-5	0	-10	-10	-100	100	-1	0	3	0	3	0.1	-0.1	0.7	5	1	20	1	0	0	0	0	0	0
8006	经验本远程兵	0		101	2		201	1			101	0		301	1	0	0	0	0	0	0	0	0	0	0	-100	100	-1	0	3	0	3	0.1	-0.1	0.7	5	1	20	1	0	0	0	0	0	0
8007	经验本大兵	0		101	1.3		201	1			101	5.2		301	1	0	0	0	0	0	0	0	0	0	0	-100	100	-1	0	3	0	3	0.1	-0.1	0.7	5	1	20	1	0	0	0	0	0	0
8008	经验本杂兵	0		101	1.3		201	1			101	0		301	1	0	0	0	0	0	0	0	0	0	0	-100	100	-1	0	3	0	3	0.1	-0.1	0.7	5	1	20	1	0	0	0	0	0	0
8009	曜日本-螺钉	0		101	1		201	1			101	0		301	1	0	0	0	0	0	0	0	0	0	0	-100	100	-1	0	3	50	3	0.1	-0.1	0.7	5	1	20	1	0	0	0	0	0	0
8010	曜日本-螺帽	0		101	1		201	1			101	0		301	1	0	0	0	0	0	0	0	0	0	0	-100	100	-1	0	3	50	3	0.1	-0.1	0.7	5	1	20	1	0	0	0	0	0	0
8011	曜日本-喷壶	0		101	3		201	1			101	0		301	1	0	0	0	0	0	0	0	0	0	0	-100	100	-1	0	3	129	3	0.1	-0.1	0.7	5	1	20	1	0	0	0	0	0	0
8012	曜日本-灯泡	0		101	1.5		201	1			101	0		301	1	0	0	0	0	0	0	0	0	0	0	-100	100	-1	0	3	79	3	0.1	-0.1	0.7	5	1	20	1	0	0	0	0	0	0
8013	晶体人	0		101	{{1,1},{80,2.35},{81,2.35}}		201	1			101	0		301	1	0	0	0	0	0	-5	0	-10	-5	-5	-100	100	-1	0	3	30	3	0.1	-0.1	0.7	5	1	20	1	0	0	0	0	0	0
8014	NPC炸弹小车	0		105	{{1,2.59},{80,2.56},{81,2.56}}		201	2			101	0		301	1	0	0	0	0	0	0	-5	0	-10	-10	-100	100	-1	0	3	5	3	0.1	-0.1	0.7	5	1	20	1	0	0	0	0	0	0
8015	NPC侵蚀泰坦	0		101	{{1,1.3},{80,2},{81,2}}		201	10			101	0		301	1	0	0	0	0	0	-5	0	-10	-5	-5	-100	100	-1	0	3	60	3	0.1	-0.1	0.7	5	1	20	1	0	0	0	0	0	0
8016	NPC连弩会员	0		101	{{1,0.5},{80,0.74},{81,0.74}}		201	2			101	{{1,2.25},{80,3.31},{81,3.31}}		301	1	0	0	0	0	0	-10	-10	-5	0	0	-100	100	-1	0	3	5	3	0.1	-0.1	0.7	5	1	20	1	0	0	0	0	0	0
8017	NPC长刀会员	0		102	{{1,4.65},{80,4.42},{81,4.42}}		201	5			102	{{1,8.3},{80,8.84},{81,8.84}}		301	1	0	0	0	0	0	-10	-10	-5	0	0	-100	100	-1	0	3	100	3	0.1	-0.1	0.7	5	1	20	1	0	0	0	0	0	0
																																													
1005	茉莉安 分身	0		101	5		201	1			101	0		301	1	0	0	0	0	0	0	0	0	0	0	-100	100	-1	0	3	166	3	0.1	-0.1	0.7	5	1	20	1	0	0	0	0	0	0
																																													
2991	禁区协议技能释放怪物	0		201	1		102	10			201	0		301	0	0	0	0	0	0	0	-5	0	-10	-10	-100	100	-1	0	3	200	3	0.1	-0.1	0.7	5	1	20	1	0	0	0	0	0	0
2992	联机塔防友方自爆怪	0		201	1		102	0.1			201	0		301	0	0	0	0	0	0	0	-5	0	-10	-10	-100	100	-1	0	3	200	3	0.1	-0.1	0.7	5	1	20	1	0	0	0	0	0	0
2993	联机塔防友方npc	0		201	100		102	0.1			201	0		301	0	0	0	0	0	0	-10	-10	-5	0	0	-100	100	-1	0	3	200	3	0.1	-0.1	0.7	5	1	20	1	0	0	0	0	0	0
2994	DLC伤害传递装置	0		101	99999		201	1			101	0		301	0	0	0	0	0	0	0	0	0	0	0	-100	100	-1	0	3	0	3	0.1	-0.1	0.7	5	1	20	1	0	0	0	0	0	0
2995	保护NPC（脆皮）	0		201	100		101	0.1			201	0		301	0	0	0	0	0	0	-10	-10	-5	0	0	-100	100	-1	0	3	200	3	0.1	-0.1	0.7	5	1	20	1	0	0	0	0	0	0
2996	保护NPC（中等）	0		201	250		101	0.1			201	0		301	0	0	0	0	0	0	-10	-10	-5	0	0	-100	100	-1	0	3	200	3	0.1	-0.1	0.7	5	1	20	1	0	0	0	0	0	0
2997	世界树安保NPC（肉盾）	0		201	500		101	0.1			201	0		301	0	0	0	0	0	0	-10	-10	-5	0	0	-100	100	-1	0	3	200	3	0.1	-0.1	0.7	5	1	20	1	0	0	0	0	0	0
2998	猫灵魂	0		400	1		400	1			101	0		400	1	0	0	0	0	0	0	0	0	0	0	0	100	-1	0	0	0	0	0	0	0	0	1	20	1	0	0	0	0	0	0
2999	召唤物小飞机暂时	0		101	100		201	1			101	0		301	1	0	0	0	0	0	0	0	0	0	0	-100	100	-1	0	3	0	0	0	0	0	5	1	20	1	0	0	0	0	0	0
																																													
9999	靶子	0		101	100		201	1			101	0		301	1	0	0	0	0	0	0	0	0	0	0	-100	100	-1	0	3	0	3	0.1	-0.1	0.7	5	1	20	1	0	0	0	0	0	0
9998	破墙值测试怪	800			0		201	1		0		0	0		0	0	0	0	0	0	0	-5	0	-10	-10	-100	100	-1	0	3	1	3	0.1	-0.1	0.7	5	1	20	1	0	0	0	0	0	0
9997	破墙值测试怪2	1500			0		201	1		0		0	0		0	0	0	0	0	0	0	0	0	0	0	-100	100	-1	0	3	1	3	0.1	-0.1	0.7	5	1	20	1	0	0	0	0	0	0
9996	表演怪物	0		102	100		400	1			102	0		301	1	0	0	0	0	0	0	0	0	0	0	-100	100	-1	0	3	1	3	0.1	-0.1	0.7	5	1	20	1	0	0	0	0	0	0
9995	邪教 基座（破墙值）（低）	400			0		201	1		0		0	0		0	0	0	0	0	0	0	-5	0	-10	-10	-100	100	-1	0	3	1	3	0.1	-0.1	0.7	5	1	20	1	0	0	0	0	0	0
9994	教学关 罐头-投掷型	0		101	8		201	0.1			101	0		301	1	0	0	0	0	0	0	-5	0	-10	-10	-100	100	-1	0	7	0	3	0.1	-0.1	0.7	5	1	20	1	0	0	0	0	0	0
9993	教学关部件 罐头-投掷型可破坏物	450			0		201	1		0		0	0		0	0	0	0	0	0	0	-5	0	-10	-10	-100	100	-1	0	3	1	3	0.1	-0.1	0.7	5	1	20	1	0	0	0	0	0	0
9992	吸血鬼幸存者	0		400	5000		201	1			400	0		301	1	0	0	0	0	0	0	0	0	0	0	-100	100	-1	0	3	5	3	0.1	-0.1	0.7	5	1	20	1	0	0	0	0	0	0
9991	纯血靶子	0		999	3000		201	1			999	0		301	1	0	0	0	0	0	0	0	0	0	0	-100	100	-1	0	3	5	3	0.1	-0.1	0.7	5	1	20	1	0	0	0	0	0	0
9990	护盾加血靶子	0		999	1500		201	1			999	1500		301	1	0	0	0	0	0	0	0	0	0	0	-100	100	-1	0	3	5	3	0.1	-0.1	0.7	5	1	20	1	0	0	0	0	0	0
9989	塔防怪-小	0		102	1		201	1			999	0		301	1	0	0	0	0	0	0	0	0	0	0	-100	100	-1	0	3	5	3	0.1	-0.1	0.7	5	1	20	1	0	0	0	0	0	0
9988	塔防怪-大	0		102	5		201	1			999	0		301	1	0	0	0	0	0	0	0	0	0	0	-100	100	-1	0	3	5	3	0.1	-0.1	0.7	5	1	20	1	0	0	0	0	0	0
9987	塔防怪-超大	0		102	10		201	1			999	0		301	1	0	0	0	0	0	0	0	0	0	0	-100	100	-1	0	3	5	3	0.1	-0.1	0.7	5	1	20	1	0	0	0	0	0	0
9986	塔防怪-高速脆皮	0		102	0.5		201	1			999	0		301	1	0	0	0	0	0	0	0	0	0	0	-100	100	-1	0	3	5	3	0.1	-0.1	0.7	5	1	20	1	0	0	0	0	0	0
9985	塔防怪-霸体	0		102	2		201	1			999	0		301	1	0	0	0	0	0	0	0	0	0	0	-100	100	-1	0	3	5	3	0.1	-0.1	0.7	5	1	20	1	0	0	0	0	0	0
9984	塔防怪-小（低血量）	0		102	0.5		201	1			999	0		301	1	0	0	0	0	0	0	0	0	0	0	-100	100	-1	0	3	5	3	0.1	-0.1	0.7	5	1	20	1	0	0	0	0	0	0
9983	塔防怪-大（低血量）	0		102	2.5		201	1			999	0		301	1	0	0	0	0	0	0	0	0	0	0	-100	100	-1	0	3	5	3	0.1	-0.1	0.7	5	1	20	1	0	0	0	0	0	0
9982	塔防怪-超大（低血量）	0		102	5		201	1			999	0		301	1	0	0	0	0	0	0	0	0	0	0	-100	100	-1	0	3	5	3	0.1	-0.1	0.7	5	1	20	1	0	0	0	0	0	0
9981	塔防怪-高速脆皮（低血量）	0		102	0.25		201	1			999	0		301	1	0	0	0	0	0	0	0	0	0	0	-100	100	-1	0	3	5	3	0.1	-0.1	0.7	5	1	20	1	0	0	0	0	0	0
9980	塔防怪-霸体（低血量）	0		102	1		201	1			999	0		301	1	0	0	0	0	0	0	0	0	0	0	-100	100	-1	0	3	5	3	0.1	-0.1	0.7	5	1	20	1	0	0	0	0	0	0
9979	潜兵道具npc	0		201	1		101	1			999	0		301	1	0	0	0	0	0	0	0	0	0	0	-100	100	-1	0	3	5	3	0.1	-0.1	0.7	5	1	20	1	0	0	0	0	0	0
9978	潜兵友方小飞机	0		201	1		101	0.15			999	0		301	1	0	0	0	0	0	0	0	0	0	0	-100	100	-1	0	3	5	3	0.1	-0.1	0.7	5	1	20	1	0	0	0	0	0	0
9977	潜兵友方炮台	0		201	1		101	0.5			999	0		301	1	0	0	0	0	0	0	0	0	0	0	-100	100	-1	0	3	5	3	0.1	-0.1	0.7	5	1	20	1	0	0	0	0	0	0
9976	潜兵友方三期导弹小飞机	0		201	1		101	1			999	0		301	1	0	0	0	0	0	0	0	0	0	0	-100	100	-1	0	3	5	3	0.1	-0.1	0.7	5	1	20	1	0	0	0	0	0	0
9975	祖玛	0		102	{{1,1},{80,1.5},{81,1.5}}		201	1			999	0		301	1	0	0	0	0	0	0	0	0	0	0	-100	100	-1	0	3	5	3	0.1	-0.1	0.7	5	1	20	1	0	0	0	0	0	0
9974	潜兵友方三期导弹小飞机分支	0		201	1		101	0.8			999	0		301	1	0	0	0	0	0	0	0	0	0	0	-100	100	-1	0	3	5	3	0.1	-0.1	0.7	5	1	20	1	0	0	0	0	0	0
9973	潜兵友方激光小飞机（动能）	0		201	1		101	0.15			999	0		301	1	0	0	0	0	0	0	0	0	0	0	-100	100	-1	0	3	5	3	0.1	-0.1	0.7	5	1	20	1	0	0	0	0	0	0
9972	潜兵友方激光小飞机（高热）	0		201	1		101	0.15			999	0		301	1	0	0	0	0	0	0	0	0	0	0	-100	100	-1	0	3	5	3	0.1	-0.1	0.7	5	1	20	1	0	0	0	0	0	0
9501	靶子（测试）	0		101	6000		201	1			101	12000		301	1	0	0	0	0	0	20	20	20	20	20	-200	100	-1	0	3	0	0	0	0	0	5	1	20	1	0	0	0	0	0	0
																																													
10000	1xxxx尘白新星开拓	0		201	6000		101	1			201			301	1	0	0	0	0	0	0	0	0	0	0	-200	100	-1	0	3	0	0	0	0	0	5	1	20	1	0	0	0	0	0	0
14001	新星开拓灯泡	0		201	79.37254		101	0.198495			201			301	0.2	0	0	0	0	0	0	0	0	0	0	-100	100	-1	0	3	50	3	0.1	-0.1	0.7	5	1	20	1	0	0	0	0	0	0
14002	新星开拓螺钉	0		201	102.8786		101	0.388561			201			301	0.5	0	0	0	0	0	0	0	0	0	0	-100	100	-1	0	3	500	3	0.1	-0.1	0.7	5	1	20	1	0	0	0	0	0	0
14004	新星开拓钢珠	0		201	67.08204		101	0.292552			201			301	0.2	0	0	0	0	0	0	0	0	0	0	-100	100	-1	0	3	50	3	0.1	-0.1	0.7	5	1	20	1	0	0	0	0	0	0
14006	新星开拓弓箭会员	0		201	89.44272		101	0.150534			201			301	0.2	0	0	0	0	0	0	0	0	0	0	-100	100	-1	0	3	50	3	0.1	-0.1	0.7	5	1	20	1	0	0	0	0	0	0
14007	新星开拓长刀会员	0		201	95.24705		101	0.233019			201			301	0.4	0	0	0	0	0	0	0	0	0	0	-100	100	-1	0	3	500	3	0.1	-0.1	0.7	5	1	20	1	0	0	0	0	0	0
14008	新星开拓武装会员	0		201	120		101	0.444821			201			302	0.4	0	0	0	0	0	0	0	0	0	0	-100	100	-1	0	5	200	3	0.1	-0.1	0.7	5	1	20	1	0	0	0	0	0	0
14010	新星开拓爆破会员	0		201	79.37254		101	0.51333			201			301	0.2	0	0	0	0	0	0	0	0	0	0	-100	100	-1	0	3	50	3	0.1	-0.1	0.7	5	1	20	1	0	0	0	0	0	0
14012	新星开拓会员	0		201	73.79024		101	0.405416			201			301	0.3	0	0	0	0	0	0	0	0	0	0	-100	100	-1	0	3	200	3	0.1	-0.1	0.7	5	1	20	1	0	0	0	0	0	0
14019	新星开拓喷壶	0		201	95.24705		101	0.21972			201			301	0.4	0	0	0	0	0	0	0	0	0	0	-100	100	-1	0	3	50	3	0.1	-0.1	0.7	5	1	20	1	0	0	0	0	0	0
14020	新星开拓通条	0		201	89.44272		101	0.163675			201			301	0.2	0	0	0	0	0	0	0	0	0	0	-100	100	-1	0	3	50	3	0.1	-0.1	0.7	5	1	20	1	0	0	0	0	0	0
14026	新星开拓炽热投手	0		201	71.55418		101	0.107287			201			301	0.2	0	0	0	0	0	0	0	0	0	0	-100	100	-1	0	15	500	3	0.1	-0.1	0.7	5	1	20	1	0	0	0	0	0	0
14028	新星开拓铁链	0		201	120		101	0.273202			201			301	0.4	0	0	0	0	0	0	0	0	0	0	-100	100	-1	0	3	500	3	0.1	-0.1	0.7	5	1	20	1	0	0	0	0	0	0
14029	新星开拓丙型异化人	0		201	93.91486		101	0.170013			201			302	0.5	0	0	0	0	0	0	0	0	0	0	-100	100	-1	0	0	200	3	0.1	-0.1	0.7	5	1	20	1	0	0	0	0	0	0
14031	新星开拓连弩会员	0		201	73.48469		101	0.317944			201			301	0.2	0	0	0	0	0	0	0	0	0	0	-100	100	-1	0	3	50	3	0.1	-0.1	0.7	5	1	20	1	0	0	0	0	0	0
14032	新星开拓散射会员	0		201	107.3313		101	0.112948			201			301	0.4	0	0	0	0	0	0	0	0	0	0	-100	100	-1	0	3	50	3	0.1	-0.1	0.7	5	1	20	1	0	0	0	0	0	0
14033	新星开拓埃罗	0		201	53.66563		101	0.240888			201			302	0.2	0	0	0	0	0	0	0	0	0	0	-100	100	-1	0	0	200	3	0.1	-0.1	0.7	5	1	20	1	0	0	0	0	0	0
14040	新星开拓祸斗	0		201	120		101	0.465646			201			302	0.4	0	0	0	0	0	0	0	0	0	0	-100	100	-1	0	0	200	3	0.1	-0.1	0.7	5	1	20	1	0	0	0	0	0	0
14043	新星开拓格里芬	0		201	63.49803		101	0.352719			201			302	0.2	0	0	0	0	0	0	0	0	0	0	-100	100	-1	0	0	200	3	0.1	-0.1	0.7	5	1	20	1	0	0	0	0	0	0
14046	新星开拓侵蚀泰坦	0		201	87.30979		101	0.458593			201			302	0.3	0	0	0	0	0	0	0	0	0	0	-100	100	-1	0	0	200	3	0.1	-0.1	0.7	5	1	20	1	0	0	0	0	0	0
15001	新星开拓炉子	0		201	169.0467		101	0.200453			201			302	0.5	0	0	0	0	0	0	0	0	0	0	-100	100	-1	0	7	1000	3	0.1	-0.1	0.7	5	1	20	1	0	0	0	0	0	0
15002	新星开拓铁锤	0		201	129.6		101	0.303416			201			302	0.4	0	0	0	0	0	0	0	0	0	0	-100	100	-1	0	7	1000	3	0.1	-0.1	0.7	5	1	20	1	0	0	0	0	0	0
15003	新星开拓喇叭	0		201	120		101	0.165147			201			302	0.2	0	0	0	0	0	0	0	0	0	0	-100	100	-1	0	7	500	3	0.1	-0.1	0.7	5	1	20	1	0	0	0	0	0	0
15005	新星开拓审判官	0		201	144		101	0.255546			201			302	0.4	0	0	0	0	0	0	0	0	0	0	-100	100	-1	0	7	500	3	0.1	-0.1	0.7	5	1	20	1	0	0	0	0	0	0
15008	新星开拓净化官（火）	0		201	144		101	0.336156			201			302	0.4	0	0	0	0	0	0	0	0	0	0	-100	100	-1	0	5	200	3	0.1	-0.1	0.7	5	1	20	1	0	0	0	0	0	0
15027	新星开拓精英异化人	0		201	118.8		101	0.277197			201			302	0.3	0	0	0	0	0	0	0	0	0	0	-100	100	-1	0	0	200	3	0.1	-0.1	0.7	5	1	20	1	0	0	0	0	0	0
15028	新星开拓幻射会员	0		201	134.1641		101	0.220029			201			302	0.2	0	0	0	0	0	0	0	0	0	0	-100	100	-1	0	0	200	3	0.1	-0.1	0.7	5	1	20	1	0	0	0	0	0	0
15032	新星开拓阿耳戈斯	0		201	108		101	0.355021			201			302	0.4	0	0	0	0	0	0	0	0	0	0	-100	100	-1	0	0	200	3	0.1	-0.1	0.7	5	1	20	1	0	0	0	0	0	0
15040	新星开拓莱拉普斯	0		201	89.44272		101	0.369108			201			302	0.2	0	0	0	0	0	0	0	0	0	0	-100	100	-1	0	0	200	3	0.1	-0.1	0.7	5	1	20	1	0	0	0	0	0	0
15050	新星开拓空壳遗迹守卫	0		201	168		101	0.215689			201			302	0.5	0	0	0	0	0	0	0	0	0	0	-100	100	-1	0	0	200	3	0.1	-0.1	0.7	5	1	20	1	0	0	0	0	0	0
16001	新星开拓BOSS 四足机甲	0		201	138.2389		101	0.078512			201			302	0.5	0	0	0	0	0	0	0	0	0	0	-100	100	-1	0	0	200	3	0.1	-0.1	0.7	5	1	20	1	0	0	0	0	0	0
16013	新星开拓BOSS 爱思特	0		201	189.5848		101	0.1751			201			302	0.4	0	0	0	0	0	0	0	0	0	0	-100	100	-1	0	0	200	3	0.1	-0.1	0.7	5	1	20	1	0	0	0	0	0	0
18013	新星开拓乙型异化人	0		201	67.08204		101	0.149727			201			302	0.2	0	0	0	0	0	0	0	0	0	0	-100	100	-1	0	0	200	3	0.1	-0.1	0.7	5	1	20	1	0	0	0	0	0	0
																																													
15061	新星开拓自走炮	0		201	89.44272		101	0.148761			201			302	0.2	0	0	0	0	0	0	0	0	0	0	-100	100	-1	0	3	1500	3	0.1	-0.1	0.7	5	1	20	1	0	0	0	0	0	0
15053	新星开拓重壁	0		201	168		101	0.132223			201			302	0.5	0	0	0	0	0	0	0	0	0	0	-100	100	-1	0	3	1500	3	0.1	-0.1	0.7	5	1	20	1	0	0	0	0	0	0
15063	新星开拓赐福者	0		201	120		101	0.241978			201			302	0.2	0	0	0	0	0	0	0	0	0	0	-100	100	-1	0	3	1500	3	0.1	-0.1	0.7	5	1	20	1	0	0	0	0	0	0
15021	新星开拓贡露	0		201	100		101	0.110551			201			302	0.4	0	0	0	0	0	0	0	0	0	0	-100	100	-1	0	0	1000	3	0.1	-0.1	0.7	5	1	20	1	0	0	0	0	0	0
15022	新星开拓贡露小眼睛	0		201	10		101	0.110551			201			302	0.4	0	0	0	0	0	0	0	0	0	0	-100	100	-1	0	0	0	3	0.1	-0.1	0.7	5	1	20	1	0	0	0	0	0	0
15016	新星开拓盖弥尔	0		201	150.2638		101	0.130938			201			302	0.5	0	0	0	0	0	0	0	0	0	0	-100	100	-1	0	0	1000	3	0.1	-0.1	0.7	5	1	20	1	0	0	0	0	0	0
15017	新星开拓盖弥尔破坏物	600					101	0.130938								0	0	0	0	0	0	0	0	0	0	-100	100	-1	0	3	0	3	0.1	-0.1	0.7	5	1	20	1	0	0	0	0	0	0
16011	新星开拓刻耳柏洛斯幻像	0		201	73.48469		101	0.335531			201			302	0.2	0	0	0	0	0	0	0	0	0	0	-100	100	-1	0	0	0	3	0.1	-0.1	0.7	5	1	20	1	0	0	0	0	0	0
15043	新星开拓塞壬	0		201	107.3313		101	0.406401			201			302	0.4	0	0	0	0	0	0	0	0	0	0	-100	100	-1	0	0	1000	3	0.1	-0.1	0.7	5	1	20	1	0	0	0	0	0	0
14047	新星开拓护卫机器人	0		201	59.5294		101	0.571605			201			302	0.2	0	0	0	0	0	0	0	0	0	0	-100	100	-1	0	7	700	3	0.1	-0.1	0.7	5	1	20	1	0	0	0	0	0	0
14048	新星开拓护卫机器人机枪破坏物	300					101	0.571605								0	0	0	0	0	0	0	0	0	0	-100	100	-1	0	3	1	3	0.1	-0.1	0.7	5	1	20	1	0	0	0	0	0	0
14049	新星开拓护卫机器人护盾破坏物	750					101	0.571605								0	0	0	0	0	0	0	0	0	0	-100	100	-1	0	3	1	3	0.1	-0.1	0.7	5	1	20	1	0	0	0	0	0	0
15044	新星开拓断刃	0		201	99		101	0.39824			201			302	0.3	0	0	0	0	0	0	0	0	0	0	-100	100	-1	0	7	700	3	0.1	-0.1	0.7	5	1	20	1	0	0	0	0	0	0
15045	新星开拓哑炮	0		201	134.1641		101	0.366239			201			302	0.2	0	0	0	0	0	0	0	0	0	0	-100	100	-1	0	7	700	3	0.1	-0.1	0.7	5	1	20	1	0	0	0	0	0	0
15046	新星开拓哑炮破坏物	600					101	0.366239								0	0	0	0	0	0	0	0	0	0	-100	100	-1	0	3	1	3	0.1	-0.1	0.7	5	1	20	1	0	0	0	0	0	0
17001	新星开拓BOSS 黄机甲	0		201	118.4905		101	0.227546			201			302	0.4	0	0	0	0	0	0	0	0	0	0	-100	100	-1	0	0	200	3	0.1	-0.1	0.7	5	1	20	1	0	0	0	0	0	0
16017	新星开拓BOSS 透墨索斯	0		201	236.981		101	0.54406			201			302	0.4	0	0	0	0	0	0	0	0	0	0	-100	100	-1	0	8	0	3	0.1	-0.1	0.7	5	1	20	1	0	0	0	0	0	0
																																													
20000	异星守护_新星开拓			102	1		201	1			201			301	0	0	0	0	0	0	0	0	20	0	0	-100	100	-1	0	3	50	3	0.1	-0.1	0.7	5	1	20	1	0	0	0	0	0	0
20001	异星守护_甲型异化人			102	12.5		201	1			201			301	0	0	0	0	0	0	0	0	20	0	0	-100	100	-1	0	3	50	3	0.1	-0.1	0.7	5	1	20	1	0	0	0	0	0	0
20002	异星守护_乙型异化人			102	12.5		201	0.5			201			301	0	0	0	0	0	0	0	0	20	0	0	-100	100	-1	0	3	50	3	0.1	-0.1	0.7	5	1	20	1	0	0	0	0	0	0
20003	异星守护_丙型异化人			102	25		201	0.5			201			301	0	0	0	0	0	0	0	0	20	0	0	-100	100	-1	0	3	50	3	0.1	-0.1	0.7	5	1	20	1	0	0	0	0	0	0
20004	异星守护_祸斗			102	10		201	1			201			301	0	0	0	0	0	0	0	0	0	0	0	-100	100	-1	0	3	50	3	0.1	-0.1	0.7	5	1	20	1	0	0	0	0	0	0
20005	异星守护_长臂			102	10		201	1			201			301	0	0	0	0	0	0	0	0	0	0	0	-100	100	-1	0	3	50	3	0.1	-0.1	0.7	5	1	20	1	0	0	0	0	0	0
20006	异星守护_啮咬球			102	10		201	1			201			301	0	0	0	0	0	0	0	0	0	0	20	-100	100	-1	0	3	50	3	0.1	-0.1	0.7	5	1	20	1	0	0	0	0	0	0
20007	异星守护_甲型异化人（紫）			102	12.5		201	1			201			301	0	0	0	0	0	0	0	0	0	0	20	-100	100	-1	0	3	50	3	0.1	-0.1	0.7	5	1	20	1	0	0	0	0	0	0
20008	异星守护_乙型异化人（紫）			102	12.5		201	0.5			201			301	0	0	0	0	0	0	0	0	0	0	20	-100	100	-1	0	3	50	3	0.1	-0.1	0.7	5	1	20	1	0	0	0	0	0	0
20009	异星守护_丙型异化人（紫）			102	25		201	0.5			201			301	0	0	0	0	0	0	0	0	0	0	20	-100	100	-1	0	3	50	3	0.1	-0.1	0.7	5	1	20	1	0	0	0	0	0	0
20010	异星守护_祸斗（紫）			102	7.5		201	1			201			301	0	0	0	0	0	0	0	20	0	0	0	-100	100	-1	0	3	50	3	0.1	-0.1	0.7	5	1	20	1	0	0	0	0	0	0
20011	异星守护_甲型异化人（橙）			102	12.5		201	1			201			301	0	0	0	0	0	0	0	20	0	0	0	-100	100	-1	0	3	50	3	0.1	-0.1	0.7	5	1	20	1	0	0	0	0	0	0
20012	异星守护_乙型异化人（橙）			102	12.5		201	0.5			201			301	0	0	0	0	0	0	0	20	0	0	0	-100	100	-1	0	3	50	3	0.1	-0.1	0.7	5	1	20	1	0	0	0	0	0	0
20013	异星守护_丙型异化人（橙）			102	25		201	0.5			201			301	0	0	0	0	0	0	0	20	0	0	0	-100	100	-1	0	3	50	3	0.1	-0.1	0.7	5	1	20	1	0	0	0	0	0	0
20014	异星守护_祸斗（橙）			102	7.5		201	1			201			301	0	0	0	0	0	0	0	0	0	20	0	-100	100	-1	0	3	50	3	0.1	-0.1	0.7	5	1	20	1	0	0	0	0	0	0
20015	异星守护_甲型异化人（黄）			102	12.5		201	1			201			301	0	0	0	0	0	0	0	0	0	20	0	-100	100	-1	0	3	50	3	0.1	-0.1	0.7	5	1	20	1	0	0	0	0	0	0
20016	异星守护_乙型异化人（黄）			102	12.5		201	0.5			201			301	0	0	0	0	0	0	0	0	0	20	0	-100	100	-1	0	3	50	3	0.1	-0.1	0.7	5	1	20	1	0	0	0	0	0	0
20017	异星守护_丙型异化人（黄）			102	25		201	0.5			201			301	0	0	0	0	0	0	0	0	0	20	0	-100	100	-1	0	3	50	3	0.1	-0.1	0.7	5	1	20	1	0	0	0	0	0	0
20018	异星守护_祸斗（黄）			102	7.5		201	1			201			301	0	0	0	0	0	0	0	0	0	0	0	-100	100	-1	0	3	50	3	0.1	-0.1	0.7	5	1	20	1	0	0	0	0	0	0
20019	异星守护_丁型异化人			102	125		201	1.5			201			301	0	0	0	0	0	0	0	0	0	0	0	-100	100	-1	0	3	50	3	0.1	-0.1	0.7	5	1	20	1	1	10	1	2	2	10
20020	异星守护_自走炮			102	125		201	1.5			201			301	0	0	0	0	0	0	0	0	0	0	0	-100	100	-1	0	3	50	3	0.1	-0.1	0.7	5	1	20	1	1	10	1	2	2	10
20021	异星守护_炉子	800		102	187.5		201	1			201			301	0	0	0	0	0	0	0	0	0	0	0	-100	100	-1	0	3	50	3	0.1	-0.1	0.7	5	1	20	1	1	10	1	2	2	10
20022	异星守护_链斧	400		102	125		201	1.5			201			301	0	0	0	0	0	0	0	0	0	0	0	-100	100	-1	0	3	50	3	0.1	-0.1	0.7	5	1	20	1	1	10	1	2	2	10
20023	异星守护_净化贤者	400		102	125		201	1.5			201			302	0	0	0	0	0	0	0	0	0	0	0	-100	100	-1	0	8	0	3	0.1	-0.1	0.7	5	1	20	1	1	10	1	2	2	10
20024	异星守护_审判官	600		102	125		201	1.5			201			302	0	0	0	0	0	0	0	0	0	0	0	-100	100	-1	0	8	0	3	0.1	-0.1	0.7	5	1	20	1	1	10	1	2	2	10
20025	异星守护_盖弥尔	1200		102	312.5		201	3			201			302	0	0	0	0	0	0	0	0	0	0	0	-100	100	-1	0	8	0	3	0.1	-0.1	0.7	5	1	20	1	1	10	1	2	2	10
20026	异星守护_夏基	1200		102	312.5		201	3			201			302	0	0	0	0	0	0	0	0	0	0	0	-100	100	-1	0	8	0	3	0.1	-0.1	0.7	5	1	20	1	1	10	1	2	2	10
20027	异星守护_二型验证机甲	1200		102	312.5		201	3			201			302	0	0	0	0	0	0	0	0	0	0	0	-100	100	-1	0	8	0	3	0.1	-0.1	0.7	5	1	20	1	1	10	1	2	2	10
20028	异星守护_食夜影兽			102	312.5		201	5			201			302	0	0	0	0	0	0	0	0	0	0	0	-100	100	-1	0	8	0	3	0.1	-0.1	0.7	5	1	20	1	1	10	1	2	2	10
20029	异星守护_净化贤者-僚机			102	50		201	1.5			201			302	0	0	0	0	0	0	0	0	0	0	0	-100	100	-1	0	8	0	3	0.1	-0.1	0.7	5	1	20	1	1	10	1	2	2	10
20101	异星守护二期_泰坦融合体（蓝）			102	20		201	1			201			301	0	0	0	0	0	0	0	0	20	0	0	-100	100	-1	0	3	50	3	0.1	-0.1	0.7	5	1	20	1	0	0	0	0	0	0
20102	异星守护二期_砖头			102	7.5		201	1			201			301	0	0	0	0	0	0	0	0	0	0	0	-100	100	-1	0	3	50	3	0.1	-0.1	0.7	5	1	20	1	0	0	0	0	0	0
20103	异星守护二期_自爆盒			102	7.5		201	3			201			301	0	0	0	0	0	0	0	0	0	0	0	-100	100	-1	0	3	50	3	0.1	-0.1	0.7	5	1	20	1	0	0	0	0	0	0
20104	异星守护二期_滚石			102	12.5		201	3			201			301	0	0	0	0	0	0	0	0	0	0	0	-100	100	-1	0	3	50	3	0.1	-0.1	0.7	5	1	20	1	0	0	0	0	0	0
20105	异星守护二期_泰坦融合体（紫）			102	20		201	1			201			301	0	0	0	0	0	0	0	0	0	0	20	-100	100	-1	0	3	50	3	0.1	-0.1	0.7	5	1	20	1	0	0	0	0	0	0
20106	异星守护二期_泰坦融合体（橙）			102	20		201	1			201			301	0	0	0	0	0	0	0	20	0	0	0	-100	100	-1	0	3	50	3	0.1	-0.1	0.7	5	1	20	1	0	0	0	0	0	0
20107	异星守护二期_泰坦融合体（黄）			102	20		201	1			201			301	0	0	0	0	0	0	0	0	0	20	0	-100	100	-1	0	3	50	3	0.1	-0.1	0.7	5	1	20	1	0	0	0	0	0	0
20108	异星守护二期_甲型异化人（白）			102	12.5		201	1			201			301	0	0	0	0	0	0	20	0	0	0	0	-100	100	-1	0	3	50	3	0.1	-0.1	0.7	5	1	20	1	0	0	0	0	0	0
20109	异星守护二期_乙型异化人（白）			102	12.5		201	0.5			201			301	0	0	0	0	0	0	20	0	0	0	0	-100	100	-1	0	3	50	3	0.1	-0.1	0.7	5	1	20	1	0	0	0	0	0	0
20110	异星守护二期_丙型异化人（白）			102	25		201	0.5			201			301	0	0	0	0	0	0	20	0	0	0	0	-100	100	-1	0	3	50	3	0.1	-0.1	0.7	5	1	20	1	0	0	0	0	0	0
20111	异星守护二期_祸斗（白）			102	7.5		201	1			201			301	0	0	0	0	0	0	20	0	0	0	0	-100	100	-1	0	3	50	3	0.1	-0.1	0.7	5	1	20	1	0	0	0	0	0	0
20112	异星守护二期_泰坦融合体（白）			102	20		201	1			201			301	0	0	0	0	0	0	20	0	0	0	0	-100	100	-1	0	3	50	3	0.1	-0.1	0.7	5	1	20	1	0	0	0	0	0	0
20201	异星守护三期_少女基础模板			102	1		302	1			201			301	0	0	0	0	0	0	20	0	0	0	0	-100	100	-1	0	3	50	3	0.1	-0.1	0.7	5	1	20	1	0	0	0	0	0	0
																																													
21001	爆爆菜园植物_辣椒			102	150		201	250			201			301	0	0	0	0	0	0	0	0	0	0	0	-100	100	-1	0	3	50	3	0.1	-0.1	0.7	5	1	20	1	0	0	0	0	0	0
21002	爆爆菜园植物_大辣椒			102	150		201	250			201			301	0	0	0	0	0	0	0	0	0	0	0	-100	100	-1	0	3	50	3	0.1	-0.1	0.7	5	1	20	1	0	0	0	0	0	0
21003	爆爆菜园植物_玉米射手			102	150		201	250			201			301	0	0	0	0	0	0	0	0	0	0	0	-100	100	-1	0	3	50	3	0.1	-0.1	0.7	5	1	20	1	0	0	0	0	0	0
21004	爆爆菜园植物_连发玉米射手1			102	150		201	250			201			301	0	0	0	0	0	0	0	0	0	0	0	-100	100	-1	0	3	50	3	0.1	-0.1	0.7	5	1	20	1	0	0	0	0	0	0
21005	爆爆菜园植物_连发玉米射手2			102	150		201	250			201			301	0	0	0	0	0	0	0	0	0	0	0	-100	100	-1	0	3	50	3	0.1	-0.1	0.7	5	1	20	1	0	0	0	0	0	0
21006	爆爆菜园植物_冰冻玉米射手1			102	150		201	250			201			301	0	0	0	0	0	0	0	0	0	0	0	-100	100	-1	0	3	50	3	0.1	-0.1	0.7	5	1	20	1	0	0	0	0	0	0
21007	爆爆菜园植物_冰冻玉米射手2			102	150		201	250			201			301	0	0	0	0	0	0	0	0	0	0	0	-100	100	-1	0	3	50	3	0.1	-0.1	0.7	5	1	20	1	0	0	0	0	0	0
21008	爆爆菜园植物_火焰玉米射手1			102	150		201	250			201			301	0	0	0	0	0	0	0	0	0	0	0	-100	100	-1	0	3	50	3	0.1	-0.1	0.7	5	1	20	1	0	0	0	0	0	0
21009	爆爆菜园植物_火焰玉米射手2			102	150		201	250			201			301	0	0	0	0	0	0	0	0	0	0	0	-100	100	-1	0	3	50	3	0.1	-0.1	0.7	5	1	20	1	0	0	0	0	0	0
21010	爆爆菜园植物_西兰花			102	250		201	250			201			301	0	0	0	0	0	0	0	0	0	0	0	-100	100	-1	0	3	50	3	0.1	-0.1	0.7	5	1	20	1	0	0	0	0	0	0
21011	爆爆菜园植物_大西兰花			102	250		201	250			201			301	0	0	0	0	0	0	0	0	0	0	0	-100	100	-1	0	3	50	3	0.1	-0.1	0.7	5	1	20	1	0	0	0	0	0	0
21012	爆爆菜园植物_南瓜			102	1500		201	250			201			301	0	0	0	0	0	0	0	0	0	0	0	-100	100	-1	0	3	50	3	0.1	-0.1	0.7	5	1	20	1	0	0	0	0	0	0
21013	爆爆菜园植物_爆炸南瓜			102	3500		201	250			201			301	0	0	0	0	0	0	0	0	0	0	0	-100	100	-1	0	3	50	3	0.1	-0.1	0.7	5	1	20	1	0	0	0	0	0	0
21014	爆爆菜园植物_火焰南瓜			102	2000		201	250			201			301	0	0	0	0	0	0	0	0	0	0	0	-100	100	-1	0	3	50	3	0.1	-0.1	0.7	5	1	20	1	0	0	0	0	0	0
21015	爆爆菜园植物_冰冻南瓜			102	2000		201	250			201			301	0	0	0	0	0	0	0	0	0	0	0	-100	100	-1	0	3	50	3	0.1	-0.1	0.7	5	1	20	1	0	0	0	0	0	0
21016	爆爆菜园植物_胡萝卜			102	150		201	250			201			301	0	0	0	0	0	0	0	0	0	0	0	-100	100	-1	0	3	50	3	0.1	-0.1	0.7	5	1	20	1	0	0	0	0	0	0
21017	爆爆菜园植物_大胡罗卜			102	150		201	250			201			301	0	0	0	0	0	0	0	0	0	0	0	-100	100	-1	0	3	50	3	0.1	-0.1	0.7	5	1	20	1	0	0	0	0	0	0
21018	爆爆菜园植物_超级胡罗卜			102	150		201	250			201			301	0	0	0	0	0	0	0	0	0	0	0	-100	100	-1	0	3	50	3	0.1	-0.1	0.7	5	1	20	1	0	0	0	0	0	0
21019	爆爆菜园植物_番茄大厨			102	150		201	250			201			301	0	0	0	0	0	0	0	0	0	0	0	-100	100	-1	0	3	50	3	0.1	-0.1	0.7	5	1	20	1	0	0	0	0	0	0
21020	爆爆菜园植物_暴躁番茄大厨			102	150		201	250			201			301	0	0	0	0	0	0	0	0	0	0	0	-100	100	-1	0	3	50	3	0.1	-0.1	0.7	5	1	20	1	0	0	0	0	0	0
21021	爆爆菜园植物_稳重番茄大厨			102	150		201	250			201			301	0	0	0	0	0	0	0	0	0	0	0	-100	100	-1	0	3	50	3	0.1	-0.1	0.7	5	1	20	1	0	0	0	0	0	0
21022	爆爆菜园植物_竹笋特工			102	150		201	250			201			301	0	0	0	0	0	0	0	0	0	0	0	-100	100	-1	0	3	50	3	0.1	-0.1	0.7	5	1	20	1	0	0	0	0	0	0
21023	爆爆菜园植物_鹰眼竹笋特工			102	150		201	250			201			301	0	0	0	0	0	0	0	0	0	0	0	-100	100	-1	0	3	50	3	0.1	-0.1	0.7	5	1	20	1	0	0	0	0	0	0
21024	爆爆菜园植物_凛冽竹笋特工			102	150		201	250			201			301	0	0	0	0	0	0	0	0	0	0	0	-100	100	-1	0	3	50	3	0.1	-0.1	0.7	5	1	20	1	0	0	0	0	0	0
21025	爆爆菜园植物_莲藕要塞安保			102	150		201	250			201			301	0	0	0	0	0	0	0	0	0	0	0	-100	100	-1	0	3	50	3	0.1	-0.1	0.7	5	1	20	1	0	0	0	0	0	0
21026	爆爆菜园植物_嫩芽小菜咩			102	250		201	250			201			301	0	0	0	0	0	0	0	0	0	0	0	-100	100	-1	0	3	50	3	0.1	-0.1	0.7	5	1	20	1	0	0	0	0	0	0
21027	爆爆菜园植物_潜行小菜咩			102	250		201	250			201			301	0	0	0	0	0	0	0	0	0	0	0	-100	100	-1	0	3	50	3	0.1	-0.1	0.7	5	1	20	1	0	0	0	0	0	0
21028	爆爆菜园植物_偶像小菜咩			102	250		201	250			201			301	0	0	0	0	0	0	0	0	0	0	0	-100	100	-1	0	3	50	3	0.1	-0.1	0.7	5	1	20	1	0	0	0	0	0	0
21029	爆爆菜园植物_侦探小菜咩			102	250		201	250			201			301	0	0	0	0	0	0	0	0	0	0	0	-100	100	-1	0	3	50	3	0.1	-0.1	0.7	5	1	20	1	0	0	0	0	0	0
21030	爆爆菜园植物_紫茄魔导			102	150		201	250			201			301	0	0	0	0	0	0	0	0	0	0	0	-100	100	-1	0	3	50	3	0.1	-0.1	0.7	5	1	20	1	0	0	0	0	0	0
21031	爆爆菜园植物_紫茄大贤者			102	150		201	250			201			301	0	0	0	0	0	0	0	0	0	0	0	-100	100	-1	0	3	50	3	0.1	-0.1	0.7	5	1	20	1	0	0	0	0	0	0
21032	爆爆菜园植物_紫茄魔导队长			102	150		201	250			201			301	0	0	0	0	0	0	0	0	0	0	0	-100	100	-1	0	3	50	3	0.1	-0.1	0.7	5	1	20	1	0	0	0	0	0	0
																																													
21101	爆爆菜园怪物_甲型异化人			103	1		201	5			201			301	0	0	0	0	0	0	0	0	0	0	0	-100	100	-1	0	3	50	3	0.1	-0.1	0.7	5	1	20	1	0	0	0	0	0	0
21102	爆爆菜园怪物_啮咬球			103	1		201	5			201			301	0	0	0	0	0	0	0	0	0	0	0	-100	100	-1	0	3	50	3	0.1	-0.1	0.7	5	1	20	1	0	0	0	0	0	0
21103	爆爆菜园怪物_乙型异化人			103	2		201	1			201			301	0	0	0	0	0	0	0	0	0	0	0	-100	100	-1	0	3	50	3	0.1	-0.1	0.7	5	1	20	1	0	0	0	0	0	0
21104	爆爆菜园怪物_丙型异化人			103	2.67		201	5			201			301	0	0	0	0	0	0	0	0	0	0	0	-100	100	-1	0	3	50	3	0.1	-0.1	0.7	5	1	20	1	0	0	0	0	0	0
21105	爆爆菜园怪物_水母			103	0.5		201	5			201			301	0	0	0	0	0	0	0	0	0	0	0	-100	100	-1	0	3	50	3	0.1	-0.1	0.7	5	1	20	1	0	0	0	0	0	0
21106	爆爆菜园怪物_侵蚀泰坦			103	8		201	20			201			301	0	0	0	0	0	0	0	0	0	0	0	-100	100	-1	0	3	50	3	0.1	-0.1	0.7	5	1	20	1	0	0	0	0	0	0
21107	爆爆菜园怪物_鼯鼠无人机			103	0.75		201	5			201			301	0	0	0	0	0	0	0	0	0	0	0	-100	100	-1	0	3	50	3	0.1	-0.1	0.7	5	1	20	1	0	0	0	0	0	0
21108	爆爆菜园怪物_清理部队（近战）			103	4		201	15			201			301	0	0	0	0	0	0	0	0	0	0	0	-100	100	-1	0	3	50	3	0.1	-0.1	0.7	5	1	20	1	0	0	0	0	0	0
21109	爆爆菜园怪物_审判官（巨剑慢速）			103	20		201	10			201			301	0	0	0	0	0	0	0	0	0	0	0	-100	100	-1	0	3	50	3	0.1	-0.1	0.7	5	1	20	1	0	0	0	0	0	0
21110	爆爆菜园怪物_空壳遗迹守卫			103	20		201	10			201			301	0	0	0	0	0	0	0	0	0	0	0	-100	100	-1	0	3	50	3	0.1	-0.1	0.7	5	1	20	1	0	0	0	0	0	0
21111	爆爆菜园怪物_铁娘子			103	20		201	10			201			301	0	0	0	0	0	0	0	0	0	0	0	-100	100	-1	0	3	50	3	0.1	-0.1	0.7	5	1	20	1	0	0	0	0	0	0
21112	爆爆菜园怪物_盖弥尔（陀螺）			103	60		201	50			201			301	0	0	0	0	0	0	0	0	0	0	0	-100	100	-1	0	3	50	3	0.1	-0.1	0.7	5	1	20	1	0	0	0	0	0	0
21113	爆爆菜园怪物_吉诺拉搜救队（步枪）			103	2		201	2.5			201			301	0	0	0	0	0	0	0	0	0	0	0	-100	100	-1	0	3	50	3	0.1	-0.1	0.7	5	1	20	1	0	0	0	0	0	0
21114	爆爆菜园怪物_炽热投手			103	3.5		201	5			201			301	0	0	0	0	0	0	0	0	0	0	0	-100	100	-1	0	3	50	3	0.1	-0.1	0.7	5	1	20	1	0	0	0	0	0	0
21115	爆爆菜园怪物_埃罗换皮			103	1.5		201	5			201			301	0	0	0	0	0	0	0	0	0	0	0	-100	100	-1	0	3	50	3	0.1	-0.1	0.7	5	1	20	1	0	0	0	0	0	0
21116	爆爆菜园怪物_炸弹气球			103	1		201	5			201			301	0	0	0	0	0	0	0	0	0	0	0	-100	100	-1	0	3	50	3	0.1	-0.1	0.7	5	1	20	1	0	0	0	0	0	0
21117	爆爆菜园怪物_播种使徒			103	2.5		201	5			201			301	0	0	0	0	0	0	0	0	0	0	0	-100	100	-1	0	3	50	3	0.1	-0.1	0.7	5	1	20	1	0	0	0	0	0	0
21118	爆爆菜园怪物_滚石			103	0.75		201	15			201			301	0	0	0	0	0	0	0	0	0	0	0	-100	100	-1	0	3	50	3	0.1	-0.1	0.7	5	1	20	1	0	0	0	0	0	0
21119	爆爆菜园怪物_炉子			103	7.5		201	7.5			201			301	0	0	0	0	0	0	0	0	0	0	0	-100	100	-1	0	3	50	3	0.1	-0.1	0.7	5	1	20	1	0	0	0	0	0	0
21120	爆爆菜园怪物_鬃狼运输机			103	15		201	5			201			301	0	0	0	0	0	0	0	0	0	0	0	-100	100	-1	0	3	50	3	0.1	-0.1	0.7	5	1	20	1	0	0	0	0	0	0
21121	爆爆菜园怪物_精英异化人			103	15		201	15			201			301	0	0	0	0	0	0	0	0	0	0	0	-100	100	-1	0	3	50	3	0.1	-0.1	0.7	5	1	20	1	0	0	0	0	0	0
21122	爆爆菜园怪物_透墨索斯			103	70		201	20			201			301	0	0	0	0	0	0	0	0	0	0	0	-100	100	-1	0	3	50	3	0.1	-0.1	0.7	5	1	20	1	0	0	0	0	0	0
																																													
22001	肉鸽玩法_无人机			400	10000		400	5000			201			301	0	0	0	0	0	0	0	0	0	0	0	-100	100	-1	0	3	50	3	0.1	-0.1	0.7	5	1	20	1	0	0	0	0	0	0
22002	进击行动_无人机			400	10000		201	11.6			201			301	0	0	0	0	0	0	0	0	0	0	0	-100	100	-1	0	3	50	3	0.1	-0.1	0.7	5	1	20	1	0	0	0	0	0	0
22003	进击行动_电磁炮塔			400	10000		201	11.6			201			301	0	0	0	0	0	0	0	0	0	0	0	-100	100	-1	0	3	50	3	0.1	-0.1	0.7	5	1	20	1	0	0	0	0	0	0
22004	进击行动_大地碎裂炮			400	10000		201	11.6			201			301	0	0	0	0	0	0	0	0	0	0	0	-100	100	-1	0	3	50	3	0.1	-0.1	0.7	5	1	20	1	0	0	0	0	0	0
22005	进击行动_爆弹发射器			400	10000		201	11.6			201			301	0	0	0	0	0	0	0	0	0	0	0	-100	100	-1	0	3	50	3	0.1	-0.1	0.7	5	1	20	1	0	0	0	0	0	0
																																													
23001	我方机炮			400	10000		400	7500			201			301	0	0	0	0	0	0	0	0	0	0	0	-100	100	-1	0	3	50	3	0.1	-0.1	0.7	5	1	20	1	0	0	0	0	0	0
23002	敌方大炮			400	400000		400	1000			201			301	0	0	0	0	0	0	0	0	0	0	0	-100	100	-1	0	3	50	3	0.1	-0.1	0.7	5	1	20	1	0	0	0	0	0	0
23003	激浪联航 噬孽机·卡律布狄斯	0		104	100		201	1						303	1	0	0	0	0	0	0	0	0	0	0	0	100	-1	0	8	0	3	0.1	-0.1	0.7	5	1	20	1	1	10	1	2	2	10
23004	激浪联航 尤弥尔	0		104	140		201	1			104	0		303	1	0	0	0	0	0	0	0	0	0	0	0	100	-1	0	5	0	3	0.1	-0.1	0.7	5	1	20	1	1	10	1	2	2	10
23005	激浪联航 尼亚尔	0		104	40		201	1			104	150		303	1	0	0	0	0	0	0	0	0	0	0	0	100	-1	0	5	0	3	0.1	-0.1	0.7	5	1	20	1	1	10	1	2	2	10
23006	激浪联航 尼亚尔灰	0		104	40		201	1	2		104	150		303	1	0	0	0	0	0	0	0	0	0	0	0	100	-1	0	5	0	3	0.1	-0.1	0.7	5	1	20	1	1	10	1	2	2	10
																																													
24001	米娅NPC-仅限主线	0		999	1		101	2			101			301	1	0	0	0	0	0	0	0	0	0	0	50	100	-1	0	0	0	3	0.1	-0.1	0.7	5	1	20	1	1	10	1	2	2	10
