ID	//备注	定义（11=后勤 12=角色 13=武器 14=武器配件 15=道具 18=家具 19=头像）	Logo	道具130*130	大图200*200	300*300	货币50*50	礼包400*400	封面大图	名片大图	聊天气泡图
ID	Comment	Define	Logo	P3	P2	P5	P10	P11	P14	P15	P16
1900001	分析员	19		2600011	2600012						
1900002	迷你分析员	19		2600021	2600022						
1900003	自爆纸盒	19		2600031	2600032						
1900004	迷你尤弥尔	19		2600041	2600042						
1900005	优质小吉	19		2600051	2600052						
1900006	迷你安卡希雅	19		2600061	2600062						
1900007	迷你芬妮	19		2600071	2600072						
1900008	迷你芙提雅	19		2600081	2600082						
1900009	迷你里芙	19		2600091	2600092						
1900010	迷你肴	19		2600101	2600102						
1900011	陶	19		2600111	2600112						
1900012	爱思特	19		2600121	2600122						
1900013	贝翠斯	19		2600131	2600132						
1900014	降临团会员	19		2600141	2600142						
1900015	卡罗琳	19		2600151	2600152						
1900016	李秋雪	19		2600161	2600162						
1900017	小女孩	19		2600171	2600172						
1900018	拾荒者	19		2600181	2600182						
1900019	接引使	19		2600191	2600192						
1900020	“妹妹”	19		2600201	2600202						
1900021	逐光者少女	19		2600211	2600212						
1900022	迷你琴诺	19		2600221	2600222						
1900023	迷你瑟瑞斯	19		2600231	2600232						
1900024	迷你辰星	19		2600241	2600242						
1900025	迷你晴	19		2600251	2600252						
1900026	迷你茉莉安	19		2600261	2600262						
1900027	迷你猫汐尔	19		2600271	2600272						
1900028	迷你恩雅	19		2600281	2600282						
1900029	迷你妮塔	19		2600291	2600292						
1900030	迷你透墨索斯	19		2600301	2600302						
1900031	迷你泳装安卡希雅	19		2600311	2600312						
1900032	迷你泳装芙提雅	19		2600321	2600322						
1900033	迷你泳装恩雅	19		2600331	2600332						
1900034	迷你泳装猫汐尔	19		2600341	2600342						
1900035	迷你泳装瑟瑞斯	19		2600351	2600352						
1900036	迷你泳装辰星	19		2600361	2600362						
1900037	迷你泳装分析员	19		2600371	2600372						
1900038	埃达-微笑练习	19		2600391	2600392						
1900039	迷你苔丝	19		2600381	2600382						
1900040	雪境回响	19		2600401	2600402						
1900041	迷你凯茜娅	19		2600441	2600442						
1900042	律动之星	19		2600411	2600412						
1900043	洞察者	19		2600431	2600432						
1900044	聊门纪念·胜利	19		2600461	2600462						
1900045	聊门纪念·数数	19		2600471	2600472						
1900046	迷你伊切尔	19		2600421	2600422						
1900047	耶洛沙星图	19		2600451	2600452						
1900048	好运蒸蒸	19		2600481	2600482						
1900049	月轨星蚀	19		2600491	2600492						
1900050	一键登录	19		2600501	2600502						
1900051	循环加载	19		2600511	2600512						
1900052	最佳方案	19		2600571	2600572						
1900053	到碗里来	19		2600561	2600562						
1900054	麻辣爱心火锅	19		2600521	2600522						
1900055	心动里芙	19		2600531	2600532						
1900056	心动芬妮	19		2600541	2600542						
1900057	心动茉莉安	19		2600551	2600552						
1900058	胶片映像	19		2600581	2600582						
1900059	迷你薇蒂雅	19		2600591	2600592						
1900060	最终赢家	19		2600593	2600594						
1900061	高歌勇进	19		2600595	2600596						
1900062	凯茜娅-起舞	19		2600601	2600602						
1900063	旷漠诡境	19		2600611	2600612						
1900068	芬妮辉耀-初心之舞	19		2600641	2600642						
1900069	逐流深呓	19		2600631	2600632						
1900071	分析员的认可	19		2600651	2600652						
1900072	迷你卜卜	19		2600781	2600782						
1900073	来条大的	19		2600871	2600872						
1900074	鹊引春归	19		2600791	2600792						
1900075	瞄准目标	19		2600801	2600802						
1900076	迷你恒约里芙	19		2600831	2600832						
1900077	迷你恒约芬妮	19		2600841	2600842						
1900078	迷你恒约辰星	19		2600851	2600852						
1900079	迷你恒约肴	19		2600861	2600862						
1900080	再尝亿口纳宝帝	19		2600811	2600812						
1900081	摸鱼必备纳宝帝	19		2600821	2600822						
1900082	模因洞悉	19		2600881	2600882						
1900083	绚丽乐园	19		2600891	2600892						
1900084	渊海孤芒	19		2600920	2600921						
1900085	占位	19		2600930	2600931						
1900086	活力滋味-OATLY	19		2600900	2600901						
1900087	优雅品尝-OATLY	19		2600910	2600911						
1900088	占位	19		2600940	2600941						
1900089	藏好了吗	19		2600950	2600951						
1900090	碎隙回响	19		2600960	2600961						
1900091	迷你奈丽德	19		2600970	2600971						
1900092	分析员的推理	19		2600990	2600991						
1900093	哧溜解渴健力宝	19		2601040	2601041						
1900094	咕咚爽喝健力宝	19		2601050	2601051						
1900095	辣么上头虎邦	19		2601060	2601061						
1900096	辣么下饭虎邦	19		2601070	2601071						
1900097	辣么得劲虎邦	19		2601080	2601081						
1900098	分析员的24K真理	19		2600980	2600981						
1900099	星迹吟游	19		2601000	2601001						
1900100	蓝图岛岛主	19		2601010	2601011						
1900101	迷你恒约凯茜娅	19		2601020	2601021						
1900102	迷你恒约苔丝	19		2601030	2601031						
1900103	月缦缠蕊	19		2601090	2601091						
1900104	版本头像	19		2601100	2601101						
1900105	海姆头像（生化模式）	19		2601110	2601111						
1900106	格力高联动-芬妮	19		2601120	2601121						
1900107	格力高联动-瑟瑞斯	19		2601130	2601131						
1900108	版本头像	19		2601140	2601141						
1900109	克萝瑞那宿舍q版头像	19		2601150	2601151						
1900110	闪魂联动	19		2601160	2601161						
1900111	闪魂联动	19		2601170	2601171						
1900112	闪魂联动	19		2601180	2601181						
1900113	米娅q版头像	19		2601190	2601191						
1900114	版本头像	19		2601200	2601201						
1900115	分析员干杯	19		2601210	2601211						
1900116	版本总头像	19		2601220	2601221						
1900117	海姆头像（生化模式）	19		2601230	2601231						
1900118	联动头像 乐事	19		2601260	2601261						
1900119	联动头像 创维	19		2601270	2601271						
1900120	安卡婚纱q版	19		2601240	2601241						
1900121	茉莉安婚纱q版	19		2601250	2601251						
1900122	线下纪念	19		2601310	2601311						
1900123	版本总头像	19		2601280	2601281						
1900124	海姆特别篇	19		2601290	2601291						
1900125	分析员-狮狮如意	19		2601340	2601341						
1900126	卡罗琳头像	19		2601390	2601391						
1900127	版本总头像	19		2601320	2601321						
1900128	海姆头像	19		2601330	2601331						
1900129	阿华田-里芙	19		2601350	2601351						
1900130	阿华田-肴	19		2601360	2601361						
1900131	泸溪河端午-茉莉安	19		2601370	2601371						
1900132	泸溪河端午-卜卜	19		2601380	2601381						
1900133	状态全开	19		2601400	2601401						
											
											
											
1901012	安卡希雅-不灭榜首	19		130020007	130020008						
1901022	辉夜-次元追忆	19		130030008	130030007						
1901023	辉夜-东流映荷	19		130030013	130030014						
1902012	里芙-星宇巡游	19		130040008	130040007						
1902013	里芙-归航一心	19		130040014	130040013						
1902022	狂猎-宵宴绯盏	19		130050008	130050007						
1902023	狂猎-霜舞盛典	19		130050014	130050013						
1902024	狂猎-街头规则	19		130050020	130050019						
1902031	无限之视-爱意凝晶	19		130300007	130300008						
1904012	芙提雅-炽热御护	19		130070008	130070007						
1904022	缄默-行疾脱兔	19		130080008	130080007						
1904023	缄默-狂曲雅跃	19		130080013	130080014						
1904013	芙提雅-不灭耀心	19		130070014	130070013						
1904031	2.3芙提雅-毛绒派对	19		130350007	130350008						
1905012	雨燕-一掷千金	19		130100008	130100007						
1905021	雨燕-绯染夜幕	19		130100013	130100014						
1905031	茉莉安灿阳一刻	19		130340007	130340008						
1906022	藏锋-凛冽冬花	19		130220007	130220008						
1906023	藏锋-循风谍舞	19		130220013	130220014						
1907011	悖谬静聆潮韵	19		130270013	130270014						
1907021	悖谬-见习侍奉	19		130270007	130270008						
1908012	芬妮-妄想新星	19		130130007	130130008						
1908013	芬妮-不灭傲姿	19		130130013	130130014						
1908022	咎冠-蜂刺蔷薇	19		130180007	130180008						
1908023	咎冠-初晴金雪	19		130180013	130180014						
1908024	咎冠-甜蜜统治	19		130180019	130180020						
1908031	辉耀-绽于恋时	19		130310007	130310008						
1910012	肴-工作宗旨	19		130140008	130140007						
1910022	冬至-粼粼尾浪	19		130150008	130150007						
1910032	肴-不灭残辉	19		130140014	130140013						
1910023	冬至-雪岭焰行	19		130150014	130150013						
1911012	恩雅-情迷炎日	19		130160008	130160007						
1911021	羽蜕-轻语疗法	19		130280007	130280008						
1911022	羽蜕浅憩之处	19		130280013	130280014						
1911023	羽蜕-专属教练	19		130280019	130280020						
1912012	猫汐尔-魂灵缚痕	19		130170008	130170007						
1912022	溯影-灼阳假期	19		130230007	130230008						
1912032	溯影-喵步巧跃	19		130230013	130230014						
1913012	瞬刻-须臾蹁跹	19		130290007	130290008						
1913013	瞬刻-斑斓水色	19		130290019	130290020						
1914012	辰星-不灭守望	19		130190007	130190008						
1914022	云篆-丹翎野鹤	19		130210008	130210007						
1914032	云篆-波光倩影	19		130210013	130210012						
1914042	云篆-点墨化龙	19		130210019	130210020						
1915012	凯茜娅-远曲独舞	19		130250007	130250008						
1915022	凯茜娅-贴身特助	19		130250019	130250020						
1915031	凯茜娅沐浪倦姿	19		130330007	130330008						
1916012	伊切尔-迟到花蕾	19		130260007	130260008						
1916021	伊切尔-绒绒漫步	19		130260013	130260014						
1917012	苔丝-流放欢愉	19		130240007	130240008						
1917013	苔丝-秘密约会	19		130240013	130240014						
1918012	薇蒂雅-翠翎倩姿	19		130320007	130320008						
1916022	伊切尔-捕猎演习	19		130260019	130260020						
1907022	悖谬-清荷雅弈	19		130270028	130270029						
1915032	朝翼-秘密彩蛋	19		130330019	130330020						
1904014	芙提雅-青叶密裹	19		130070019	130070020						
1915023	凯茜娅-幽闪魅踪	19		130250040	130250041						
1914052	琼弦-欣描红妆	19		130390009	130390010						
1910042	夜天光-暖夜情醺	19		130380009	130380010						
1908032	辉耀-金狮舞瑞	19		130310020	130310021						
1908014	芬妮-璨夜华彩	19		130130031	130130032						
1913014	瞬刻-纯白午后	19		130290028	130290029						
1904064	澜风-望云清咏	19		130400009	130400010						
1904065	龙舌兰-舞夜与焰	19		130320018	130320019						
1904066	幽潮-绒尾迷梦	19		130340016	130340017						
1904067	驰掣-草莓甜心	19		130350019	130350020						
1904068	里芙-不灭银星	19		130040025	130040026						
1904069	奈莉德-晨曦统令	19		130420009	130420010						
1904070	悸响-林间潋滟	19		130410009	130410010						
1904071	朝翼-绮锦流韵	19		130330025	130330026						
1904072	卜卜-元气愈养	19		130370009	130370010						
1904073	辉耀-疾速耀星	19		130310029	130310030						
1904074	冬至-暧馨侍奉	19		130150023	130150024						
1904075	天鹅座-云端之邀	19		130430009	130430010						
1904076	驰掣-泳池护卫	19		130350028	130350029						
1904077	琼弦-慵倚花阴	19		130390018	130390019						
1904078	无限之视-引风飒意	19		130300016	130300017						
1904079	瑟瑞斯-不灭恒忆	19		130200007	130200008						
1904080	辉耀-破焰傲绽	19		130310038	130310039						
1904081	狂诗-星抚恋音	19		130440009	130440010						
1904082	绮幻-恋如花舞	19		130450009	130450010						
1904083	澜风-秘密侍奉	19		130400018	130400019						
1904084	小天师-畅饮狂欢	19		130370018	130370019						
1904085	幽潮-甜蜜困扰	19		130340025	130340026						
1904086	芙提雅-炽灼迸裂	19		130070025	130070026						
1904087	吸血鬼少女-小天使（商城￥118）	19		130460009	130460010						
1904088	妮塔【悸响】-舞娘（商城￥118）	19		130410018	130410019						
1904089	肴【夜天光】-女骑士（商城￥118）	19		130380018	130380019						
1904090	卜卜【小天师】-BP皮肤	19		130370030	130370031						
1904091	猫汐尔【猫猫】-战损（月卡商店兑换）	19		130170013	130170014						
1904092	芬妮换装3-泳装（互动包/商城￥178）	19		130470009	130470010						
1904093	瑟瑞斯换装2-泳装（互动包/商城￥178）	19		130480009	130480010						
1904094	奈莉德【冥河代理人】-泳装（商城￥118）	19		130420018	130420019						
1904095	薇蒂雅【天鹅座】-泳装（商城￥118）	19		130430018	130430019						
1904096	辰星【琼弦】-BP皮肤	19		130390027	130390028						
1904097	赠送皮：SR安卡希雅泳装（1.3泳装立绘版）	19		130020013	130020014						
1904098	米娅-性感胶衣（商城￥118）	19		130500009	130500010						
1904099	晴换装2-巫女（商城￥118/自选替换部件，商城￥10）	19		130490009	130490010						
1904100	凯茜娅【狂诗】-精灵魅魔（商城￥118）	19		130440019	130440020						
1904101	肴【夜天光】-BP皮肤	19		130380027	130380028						
1904102	魔法少女（商城￥118/自选替换部件，商城￥10）	19		130600009	130600010						
1904103	猫汐尔换装2-修女（可换头，商城￥118）	19		130700009	130700010						
1904104	芬妮【澄意】-圣诞驯鹿装（商城￥118）	19		130470018	130470019						
1904105	恩雅【澜风】-BP皮肤	19		130400027	130400028						
1904106	SR晴-战损（月卡商店兑换）	19		130110007	130110008						
1904107	安卡换装2-花嫁（互动包/商城￥188）	19		130510012	130510013						
1904108	茉莉安换装3-花嫁（互动包/商城￥188）	19		130520009	130520010						
1904109	瑟瑞斯换装2-中式汉服（belike锦鲤仙子）（商城￥118）	19		130480019	130480020						
1904110	米娅-中式旗袍（商城￥118）	19		130500018	130500019						
1904111	奈莉德-冥河代理人【BP皮肤】	19		130420028	130420029						
1904112	赠送皮：SR肴-工作宗旨皮肤重置	19		130140025	130140026						
1904113	胧嫣-华丽礼服	19		130540009	130540010						
1904114	芙提雅换装3-龙袍（仅头套配件/愚人节免费赠送）	19		130530009	130530010						
1904115	晴-霆光-国风仙侠	19		130490018	130490019						
1904116	芬妮-澄意【BP皮肤】	19		130470027	130470028						
1904117	SR恩雅-战损（月卡商店兑换）	19		130160013	130160014						
1904118	里芙换装3-【高规格】情趣花嫁方向（互动包/商城￥198）	19		130550009	130550010						
1904119	肴换装3-情趣花嫁方向（无互动包）（商城￥118）	19		130560009	130560010						
1904120	卜卜-灵鉴-国风厨娘（包子头+裸体围裙）（商城￥118）	19		130600021	130600022						
1904121	茉莉安-霄鹰-情趣警官制服（商城￥118）	19		130520019	130520020						
1904122	苔丝-绮幻【BP皮肤】	19		130450018	130450019						
1904123	赠送皮：SR猫汐尔-魂灵缚痕皮肤重置	19		130170019	130170020						
											
											
											
1999001	精神导师	19		2800000	2800001	2800002					
1999002	精神领袖	19		2800003	2800004	2800005					
1999003	占位	19		2800006	2800007	2800008					
1999004	月华徽记	19		2800009	2800010	2800011					
1999005	朝阳荣勋	19		2800012	2800013	2800014					
1999006	坚铁之躯	19		2800015	2800016	2800017					
1999007	不灭意志	19		2800018	2800019	2800020					
1999008	迷梦金枝	19		2800021	2800022	2800023					
1999009	寂静星华	19		2800048	2800049	2800050					
1999010	无畏意志	19		2800051	2800052	2800053					
1999011	巍峨之躯	19		2800054	2800055	2800056					
1999012	灿晖之证	19		2800057	2800058	2800059					
1999013	寂夜绶印	19		2800060	2800061	2800062					
1999014	雪境霜凌	19		2800063	2800064	2800065					
1999015	辰星的谢礼	19		2800024	2800025	2800026					
1999016	瑟瑞斯的谢礼	19		2800027	2800028	2800029					
1999017	恩雅的谢礼	19		2800030	2800031	2800032					
1999018	芙提雅的谢礼	19		2800033	2800034	2800035					
1999019	安卡希雅的谢礼	19		2800036	2800037	2800038					
1999020	猫汐尔的谢礼	19		2800039	2800040	2800041					
1999021	海姆达尔休假团的谢礼	19		2800042	2800043	2800044					
1999022	贝翠斯的谢礼	19		2800045	2800046	2800047					
1999023	最佳解法	19		2800066	2800067	2800068					
1999024	淬火之躯	19		2800069	2800070	2800071					
1999025	永恒意志	19		2800072	2800073	2800074					
1999026	终端决胜	19		2800084	2800085	2800086					
1999027	虚拟运筹	19		2800087	2800088	2800089					
											
1933001	翠星徽章	19		3300000	3300001	3300002					
1933002	珍珠徽章	19		3300010	3300011	3300012					
1933003	勇气徽章	19		3300020	3300021	3300022					
1933004	雪境徽章	19		3300030	3300031	3300032					
1933005	舞曲徽章	19		3300040	3300041	3300042					
1933006	坚守徽章	19		3300050	3300051	3300052					
1933007	聊门徽章	19		3300080	3300081	3300082					
1933008	烬天徽章	19		3300060	3300061	3300062					
1933009	赤诚徽章	19		3300070	3300071	3300072					
1933010	昼梦徽章	19		3300090	3300091	3300092					
1933011	坚铠徽章	19		3300100	3300101	3300102					
1933012	测星徽章	19		3300110	3300111	3300112					
1933013	幻彩徽章	19		3300120	3300121	3300122					
1933014	戍守徽章	19		3300130	3300131	3300132					
1933015	揽翼徽章	19		3300160	3300161	3300162					
1933016	心诺徽章	19		3300150	3300151	3300152					
1933017	拓星徽章	19		3300140	3300141	3300142					
1933018	心动徽章	19		3300170	3300171	3300172					
1933019	真影徽章	19		3300180	3300181	3300182					
1933020	利刃徽章	19		3300190	3300191	3300192					
1933021	碧水徽章	19		3300200	3300201	3300202					
1933022	激冲徽章	19		3300210	3300211	3300212					
1933023	潜隐徽章	19		3300220	3300221	3300222					
1933024	幸运徽章	19		3300230	3300231	3300232					
1933025	破阵徽章	19		3300250	3300251	3300252					
1933026	沙隐徽章	19		3300240	3300241	3300242					
1933027	暗流徽章	19		3300280	3300281	3300282					
1933028	濯缨徽章	19		3300260	3300261	3300262					
1933029	协智徽章	19		3300270	3300271	3300272					
1933030	同心撷愿	19		3300290	3300291	3300292					
1933031	昂志徽章	19		3300300	3300301	3300302					
1933032	天天有鱼	19		3300310	3300311	3300312					
1933033	开心摆锤	19		3300320	3300321	3300322					
1933034	荒城怪奇	19		3300330	3300331	3300332					
1933035	探趣妙游	19		3300340	3300341	3300342					
1933036	揽胜徽章	19		3300350	3300351	3300352					
1933037	力战徽章	19		3300360	3300361	3300362					
1933038	曙渡新生	19		3300370	3300371	3300372					
1933039	我们的树屋	19		3300380	3300381	3300382					
1933040	破晓徽章	19		3300390	3300391	3300392					
1933041	换个好心情	19		3300400	3300401	3300402					
1933042	来抓你咯	19		3300410	3300411	3300412					
1933043	异纬窥虹	19		3300420	3300421	3300422					
1933044	恒战徽章	19		3300430	3300431	3300432					
1933045	连袭战印	19		3300440	3300441	3300442					
1933046	量子诗境	19		3300450	3300451	3300452					
1933047	睿策徽章	19		3300460	3300461	3300462					
1933048	蔬菜伙伴	19		3300470	3300471	3300472					
1933049	梦想蓝图	19		3300480	3300481	3300482					
1933050	版本总勋章	19		3300490	3300491	3300492					
1933051	永续联战勋章	19		3300500	3300501	3300502					
1933052	绝地防线预留徽章	19		3300510	3300511	3300512					
1933053	版本总徽章	19		3300520	3300521	3300522					
1933054	海姆徽章（生化模式）	19		3300530	3300531	3300532					
1933055	航海主题活动徽章	19		3300540	3300541	3300542					
1933056	大富翁预留徽章	19		3300550	3300551	3300552					
1933057	版本徽章	19		3300570	3300571	3300572					
1933058	新联机徽章（代替永续联战）	19		3300580	3300581	3300582					
1933059	单人爬塔活动徽章	19		3300590	3300591	3300592					
1933060	脉冲连袭徽章	19		3300560	3300561	3300562					
1933061	闪魂联动	19		3300600	3300601	3300602					
1933062	版本徽章	19		3300610	3300611	3300612					
1933063	绝地防线预留徽章	19		3300620	3300621	3300622					
1933064	【爆爆菜园】徽章	19		3300630	3300631	3300632					
1933065	星祈心愿	19		3300640	3300641	3300642					
1933066	版本徽章	19		3300690	3300691	3300692					
1933067	海姆徽章（生化模式）	19		3300650	3300651	3300652					
1933068	异星守护徽章	19		3300660	3300661	3300662					
1933069	【进击行动】徽章	19		3300670	3300671	3300672					
1933070	【多诺-巅峰对决】徽章	19		3300680	3300681	3300682					
1933071	版本徽章	19		3300700	3300701	3300702					
1933072	激浪联航活动徽章	19		3300710	3300711	3300712					
1933073	联合清剿徽章	19		3300720	3300721	3300722					
1933074	海姆特别篇	19		3300730	3300731	3300732					
1933075	版本徽章	19		3300740	3300741	3300742					
1933076	【装甲战骑】徽章	19		3300750	3300751	3300752					
1933077	脉冲连袭徽章	19		3300760	3300761	3300762					
1933078	海姆徽章	19		3300770	3300771	3300772					
1933079	【进击行动】徽章	19		3300780	3300781	3300782					
											
1944000	占位	19		3000000	3000000				3000001		
1944001	封面-宵宴绯盏	19		3000010	3000011				3000012		
1944002	封面-凛冽冬花	19		3000020	3000021				3000022		
1944003	封面-行疾脱兔	19		3000030	3000031				3000032		
1944004	封面-灼阳假期	19		3000040	3000041				3000042		
1944005	封面-波光倩影	19		3000050	3000051				3000052		
1944006	封面-情迷炎日	19		3000060	3000061				3000062		
1944007	封面-粼粼尾浪	19		3000070	3000071				3000072		
1944008	封面-初晴金雪	19		3000080	3000081				3000082		
1944009	封面-霜舞盛典	19		3000090	3000091				3000092		
1944010	封面-流放欢愉	19		3000100	3000101				3000102		
1944011	封面-狂曲雅跃	19		3000110	3000111				3000112		
1944012	封面-远曲独舞	19		3000120	3000121				3000122		
1944013	封面-东流映荷	19		3000170	3000171				3000172		
1944014	封面-迟到花蕾	19		3000160	3000161				3000162		
1944015	封面-甜蜜统治	19		3000260	3000261				3000262		
1944016	封面-见习侍奉	19		3000270	3000271				3000272		
1944017	封面-轻语疗法	19		3000280	3000281				3000282		
1944018	封面-须臾蹁跹	19		3000300	3000301				3000302		
1944019	封面-贴身特助	19		3000310	3000311				3000312		
1944020	封面-最棒服务	19		3000350	3000351				3000352		
1944021	封面-笑意融融	19		3000360	3000361				3000362		
1944022	封面-顺毛小狮	19		3000370	3000371				3000372		
1944023	封面-按时疗愈	19		3000380	3000381				3000382		
1944024	封面-偎依延长	19		3000390	3000391				3000392		
1944025	封面-爱意凝晶	19		3000320	3000321				3000322		
1944026	封面-绽于恋时	19		3000330	3000331				3000332		
1944027	封面-绯染夜幕	19		3000340	3000341				3000342		
1944028	封面-翠翎倩姿	19		3000400	3000401				3000402		
1944029	封面-点墨化龙	19		3000410	3000411				3000412		
1944030	封面-浅憩之处	19		3000440	3000441				3000442		
1944031	封面-灿阳一刻	19		3000430	3000431				3000432		
1944032	封面-沐浪倦姿	19		3000420	3000421				3000422		
1944033	封面-假日讯息	19		3000240	3000241				3000242		
1944034	封面-毛绒派对	19		3000450	3000451				3000452		
1944035	封面-斑斓水色	19		3000460	3000461				3000462		
1944036	占位	19		3000460	3000461				3000462		
1944037	封面-捕猎演习	19		3000490	3000491				3000492		
1944038	封面-清荷雅弈	19		3000500	3000501				3000502		
1944039	封面-含羞垂眸	19		3000560	3000561				3000562		
1944040	封面-新沐暖憩	19		3000570	3000571				3000572		
1944041	封面-嫣红飞颊	19		3000580	3000581				3000582		
1944042	封面-凝脂慢挑	19		3000590	3000591				3000592		
1944043	封面-明眸浅笑	19		3000600	3000601				3000602		
1944044	封面-欣描红妆	19		3000530	3000531				3000532		
1944045	封面-暖夜情醺	19		3000540	3000541				3000542		
1944046	封面-金狮舞瑞	19		3000550	3000551				3000552		
1944047	封面-透墨索斯	19		3000610	3000611				3000612		
1944048	封面-望云清咏	19		3000620	3000621				3000622		
1944049	封面-舞夜与焰	19		3000630	3000631				3000632		
1944050	封面-绒尾迷梦	19		3000640	3000641				3000642		
1944051	封面-晨曦统令	19		3000650	3000651						
1944052	封面-林间潋滟	19		3000660	3000661						
1944053	封面-绮锦流韵	19		3000670	3000671						
1944054	封面-元气愈养	19		3000680	3000681						
1944055	封面-暧馨侍奉	19		3000690	3000691						
1944056	封面-云端之邀	19		3000700	3000701						
1944057	封面-泳池护卫	19		3000710	3000711						
1944058	封面-慵倚花阴	19		3000720	3000721						
1944059	封面-杯影撩心	19		3000730	3000731				3000732		
1944060	封面-诈甜魔术	19		3000740	3000741				3000742		
1944061	封面-奶香特调	19		3000750	3000751				3000752		
1944062	封面-醉仙同斟	19		3000760	3000761				3000762		
1944063	封面-烈性指令	19		3000770	3000771				3000772		
1944064	封面-星抚恋音	19		3000780	3000781						
1944065	封面-恋如花舞	19		3000790	3000791						
1944066	封面-秘密侍奉	19		3000800	3000801						
1944067	封面-畅饮狂欢	19		3000810	3000811						
1944068	吸血鬼少女-小天使	19		3000820	3000821						
1944069	妮塔【悸响】-舞娘	19		3000830	3000831						
1944070	肴【夜天光】-女骑士	19		3000840	3000841						
1944071	小游戏封面预留1	19		3000890	3000891				3000892		
1944072	小游戏封面预留2	19		3000900	3000901				3000902		
1944073	小游戏封面预留3	19		3000910	3000911				3000912		
1944074	小游戏封面预留4	19		3000920	3000921				3000922		
1944075	小游戏封面预留5	19		3000930	3000931				3000932		
1944076	芬妮换装3-泳装（互动包/商城￥178）	19		3000850	3000851						
1944077	瑟瑞斯换装2-泳装（互动包/商城￥178）	19		3000860	3000861						
1944078	奈莉德【冥河代理人】-泳装（商城￥118）	19		3000870	3000871						
1944079	薇蒂雅【天鹅座】-泳装（商城￥118）	19		3000880	3000881						
1944080	米娅-性感胶衣（商城￥118）	19		3000940	3000941						
1944081	晴换装2-巫女（商城￥118/自选替换部件，商城￥10）	19		3000950	3000951						
1944082	凯茜娅【狂诗】-精灵魅魔（商城￥118）	19		3000960	3000961						
1944083	装2-魔法少女（商城￥118/自选替换部件，商城￥10）	19		3000970	3000971						
1944084	猫汐尔换装2-修女（可换头，商城￥118）	19		3000980	3000981						
1944085	芬妮【澄意】-圣诞驯鹿装（商城￥118）	19		3000990	3000991						
1944086	小游戏封面预留1	19		3001000	3001001				3001002		
1944087	小游戏封面预留2	19		3001010	3001011				3001012		
1944088	小游戏封面预留3	19		3001020	3001021				3001022		
1944089	小游戏封面预留4	19		3001030	3001031				3001032		
1944090	小游戏封面预留5	19		3001040	3001041				3001042		
1944091	安卡换装2-花嫁（互动包/商城￥188）	19		3001050	3001051						
1944092	茉莉安换装3-花嫁（互动包/商城￥188）	19		3001060	3001061						
1944093	瑟瑞斯换装2-中式汉服（belike锦鲤仙子）（商城￥118）	19		3001070	3001071						
1944094	米娅-中式旗袍（商城￥118）	19		3001080	3001081						
1944095	胧嫣-华丽礼服	19		3001090	3001091						
1944096	芙提雅换装3-龙袍（仅头套配件/愚人节免费赠送）	19		3001100	3001101						
1944097	晴-霆光-国风仙侠	19		3001110	3001111						
1944098	里芙换装3-【高规格】情趣花嫁方向（互动包/商城￥198）	19		3001120	3001121						
1944099	肴换装3-情趣花嫁方向（无互动包）（商城￥118）	19		3001130	3001131						
1944100	卜卜-灵鉴-国风厨娘（包子头+裸体围裙）（商城￥118）	19		3001140	3001141						
1944101	茉莉安-霄鹰-情趣警官制服（商城￥118）	19		3001150	3001151						
											
											
1955000	占位	19		2900000	2900000						
1955001	占位	19		2900001	2900002					2900010	
1955002	占位	19		2900011	2900012					2900020	
1955003	占位	19		2900021	2900022					2900030	
1955004	名片-世界树公司	19		2900031	2900032					2900040	
1955005	名片-尤弥尔	19		2900041	2900042					2900043	
1955006	名片·鎏金盛景	19		2900050	2900051					2900052	
1955007	名片-世界树公司纪念款	19		2900060	2900061					2900062	
1955008	名片-苍茫雪境	19		2900070	2900071					2900072	
1955009	名片-舞会邀约	19		2900090	2900091					2900092	
1955010	名片-悖论迷宫	19		2900100	2900101					2900102	
1955011	名片-星盘徽记	19		2900080	2900081					2900082	
1955012	名片-空白梦魇	19		2900110	2900111					2900112	
1955013	名片-幻迷归途	19		2900120	2900121					2900122	
1955014	名片-恒定原理	19		2900130	2900131					2900132	
1955015	名片-恋恋片场	19		2900140	2900141					2900142	
1955016	名片-水上乐园	19		2900150	2900151					2900152	
1955017	名片-决胜舞台	19		2900160	2900161					2900162	
1955018	名片-绿洲奇观	19		2900170	2900171					2900172	
1955019	名片-禁区巡航	19		2900180	2900181					2900182	
1955020	占位	19		2900190	2900191					2900192	
1955022	名片-焕然新天	19		2900200	2900201					2900202	
1955021	名片-奇异之所	19		2900210	2900211					2900212	
1955023	名片-荼蘼彼岸	19		2900220	2900221					2900222	
1955024	名片-寂静乐园	19		2900230	2900231					2900232	
1955025	名片-新的一天	19		2900240	2900241					2900242	
1955026	名片-深邃通道	19		2900250	2900251					2900252	
1955027	占位	19		2900260	2900261					2900262	
1955028	名片-光影格间	19		2900260	2900261					2900262	
1955029	占位	19		2900270	2900271					2900272	
1955030	名片-桥影杀机	19		2900280	2900281					2900282	
1955031	名片-悬阶幻室	19		2900290	2900291					2900292	
1955032	名片-穹庭禁谒	19		2900300	2900301					2900302	
1955033	名片-万蔬具备	19		2900310	2900311					2900312	
1955034	版本名片1	19		2900320	2900321					2900322	
1955035	版本名片2	19		2900330	2900331					2900332	
1955034	异星守护名片	19		2900340	2900341					2900342	
1955035	航海主题活动名片	19		2900350	2900351					2900352	
1955036	悖论迷宫名片	19		2900360	2900361					2900362	
1955037	纷愿绮梦名片	19		2900370	2900371					2900372	
1955038	版本名片1（脉冲）	19		2900390	2900391					2900392	
1955039	版本名片2（新联机）	19		2900400	2900401					2900402	
1955040	版本名片3（爬塔）	19		2900410	2900411					2900412	
1955041	【爆爆菜园】名片	19		2900440	2900441					2900442	
1955042	异星守护名片	19		2900450	2900451					2900452	
1955043	纷愿绮梦名片	19		2900460	2900461					2900462	
1955044	【多诺-巅峰对决】	19		2900470	2900471					2900472	
1955045	【进击行动】名片	19		2900490	2900491					2900492	
1955046	名片-尘白线下年会纪念名片	19		2900510	2900511					2900512	
1955047	激浪联航活动名片	19		2900500	2900501					2900502	
1955048	版本名片1（脉冲）	19		2900520	2900521					2900522	
1955049	【装甲战骑】名片	19		2900530	2900531					2900532	
1955050	【进击行动】名片	19		2900540	2900541					2900542	
1955051	名片-欢迎回家	19		2900550	2900551					2900552	
											
1966001	占位	19		3200001	3200000						
1966002	占位	19		3200011	3200010						
1966003	占位	19		3200021	3200020						
1966004	占位	19		3200031	3200030						
1966005	占位	19		3200041	3200040						
1966006	占位	19		3200051	3200050						
1966007	占位	19		3200061	3200060						
1966008	占位	19		3200071	3200070						
1966009	占位	19		3200081	3200080						
1966010	占位	19		3200091	3200090						
1966011	占位	19		3200101	3200100						
1966012	占位	19		3200111	3200110						
1966013	占位	19		3200121	3200120						
1966014	占位	19		3200131	3200130						
1966015	占位	19		3200141	3200140						
1966016	占位	19		3200151	3200150						
1966017	占位	19		3200161	3200160						
1966018	占位	19		3200171	3200170						
1966019	占位	19		3200181	3200180						
1966020	占位	19		3200191	3200190						
1966021	占位	19		3200201	3200200						
1966022	占位	19		3200211	3200210						
1966023	占位	19		3200221	3200220						
1966024	占位	19		3200231	3200230						
1966025	占位	19		3200241	3200240						
1966026	占位	19		3200251	3200250						
1966027	苔丝-看我的	19		3200261	3200260						
1966028	芙提雅-沉默	19		3200271	3200270						
1966029	芙提雅-呜呜呜	19		3200281	3200280						
1966030	芙提雅-哇哦	19		3200291	3200290						
1966031	芙提雅-什么	19		3200301	3200300						
1966032	占位	19		3200311	3200310						
1966033	占位	19		3200321	3200320						
1966034	分析员·呐喊	19		3200441	3200440						
1966035	芬妮·呐喊	19		3200451	3200450						
1966036	里芙·呐喊	19		3200461	3200460						
1966037	肴·呐喊不动	19		3200471	3200470						
1966038	芬妮-诶嘿嘿	19		3200481	3200480						
1966039	芬妮-怒了	19		3200331	3200330						
1966040	芬妮-好东西	19		3200341	3200340						
1966041	芬妮-石化	19		3200351	3200350						
1966042	苔丝-啊这	19		3200401	3200400						
1966043	苔丝-掉小珍珠	19		3200411	3200410						
1966044	苔丝-讨厌啦	19		3200421	3200420						
1966045	苔丝-比心	19		3200431	3200430						
1966046	芬妮-舞狮	19		3200491	3200490						
1966047	里芙-空白	19		3200361	3200360						
1966048	里芙-泪滴	19		3200371	3200370						
1966049	里芙-流汗	19		3200381	3200380						
1966050	里芙-害羞	19		3200391	3200390						
1966051	占位	19		3400020	3400021						
1966057	凯茜娅-沐浪之舞	19		3200551	3200552						
1966058	茉莉安-灿阳之舞	19		3200561	3200562						
1966059	琴诺-潮韵之舞	19		3200571	3200572						
1966060	辰星-倩影之舞	19		3200581	3200582						
1966061	恩雅-浅憩之舞	19		3200591	3200592						
1966062	猫汐尔-灼期之舞	19		3200601	3200602						
1966063	凯茜娅-传承之舞	19		3200611	3200612						
1966064	肴-残辉之舞	19		3200621	3200622						
1966054	里芙-凝晶之舞	19		3200511	3200512						
1966055	里芙-归航之舞	19		3200541	3200542						
1966053	茉莉安-绯夜之舞	19		3200531	3200532						
1966056	芬妮-恋时之舞	19		3200521	3200522						
1966065	分析员的认可	19		3200500	3200501						
1966066	占位	19		2700000	2700000						
1966067	占位	19		3200000	3200000						
1966068	占位	19		2700001	2700001						
1966069	占位	19		3200120	3200120						
1966070	占位	19		2700002	2700002						
1966071	占位	19		3200040	3200040						
1966072	占位	19		2700003	2700003						
1966073	占位	19		3200020	3200020						
1966074	分析员的24K真理	19		3200790	3200791						
1966075	分析员的推理	19		3200800	3200801						
1966076	伊切尔-认可	19		3200810	3200811						
1966077	伊切尔-呜呜	19		3200820	3200821						
1966078	伊切尔-生气	19		3200830	3200831						
1966079	伊切尔-尬住	19		3200840	3200841						
1966080	占位	19		3400040	3400041						
1966081	猫汐尔表情包	19		3200850	3200851						
1966082	猫汐尔表情包	19		3200860	3200861						
1966083	猫汐尔表情包	19		3200870	3200871						
1966084	猫汐尔表情包	19		3200880	3200881						
1966085	猫汐尔表情包	19		3400050	3400051						
1966086	薇蒂雅表情包	19		3200890	3200891						
1966087	薇蒂雅表情包	19		3200900	3200901						
1966088	薇蒂雅表情包	19		3200910	3200911						
1966089	薇蒂雅表情包	19		3200920	3200921						
1966090	薇蒂雅表情包	19		3400060	3400061						
1966091	辰星表情包	19		3200930	3200931						
1966092	辰星表情包	19		3200940	3200941						
1966093	辰星表情包	19		3200950	3200951						
1966094	辰星表情包	19		3200960	3200961						
1966095	辰星表情包封面	19		2400070	2400071						
1966096	闪魂联动	19		3200970	3200971						
1966097	恩雅表情包	19		3200980	3200981						
1966098	恩雅表情包	19		3200990	3200991						
1966099	恩雅表情包	19		3201000	3201001						
1966100	恩雅表情包	19		3201010	3201011						
1966101	恩雅表情包	19		2400080	2400081						
1966102	雪人	19		3201020	3201021						
1966103	安卡	19		3201030	3201031						
1966104	安卡	19		3201040	3201041						
1966105	安卡	19		3201050	3201051						
1966106	安卡	19		3201060	3201061						
1966107	分析员举杯	19		3201070	3201071						
1966111	安卡封面	19		2400090	2400091						
1966112	凯西娅	19		3201080	3201081						
1966113	凯西娅	19		3201090	3201091						
1966114	凯西娅	19		3201100	3201101						
1966115	凯西娅	19		3201110	3201111						
1966116	凯西娅封面	19		2400100	2400101						
1966117	恩雅	19		3201120	3201121						
1966118	恩雅	19		3201130	3201131						
1966119	恩雅	19		3201140	3201141						
1966120	恩雅	19		3201150	3201151						
1966121	超元链接表情	19		3201160	3201161						
1966122	超元链接表情	19		3201170	3201171						
1966123	超元链接表情	19		3201180	3201181						
1966124	卡罗琳表情包	19		3201190	3201191						
1966125	分析员划船Q版	19		3201200	3201201						
1966126	恩雅封面	19		2400110	2400111						
1966127	芙提雅-妙啊	19		3201210	3201211						
1966128	胧嫣-华丽登场	19		3201220	3201221						
1966129	茉莉安-爱的形状	19		3201230	3201231						
1966130	分析员-状态全开	19		3201240	3201241						
											
1977000	占位	19		3100000	3100002						3100001
1977001	新春祝语	19		3100010	3100012						3100011
1977002	多元对答	19		3100020	3100022						3100021
1977003	在线打卡	19		3100080	3100082						3100081
1977004	酥麻触碰	19		3100090	3100092						3100091
1977007	雪人	19		3100100	3100102						3100101
1977008	尘白线下年会纪念气泡	19		3100110	3100112						3100111
											
1988001	分析员·墨镜	19		110007801	110007802						
1988002	神经调理体力提升（占位道具无需翻译）	19		1701269	1701269						
1988003	分析员·正装	19		110010281	110010282						
1988004	分析员·白西装	19		110010941	110010942						
1988005	分析员·花衬衫	19		110011321	110011322						
