剧情索引	剧情ID 
Key	ID
1	9001
2	9002
3	9003
4	9004
5	9005
6	9006
7	9007
8	9008
9	9009
10	9010
11	9011
12	9012
13	9013
14	1001
15	1002
16	1003
17	1005
18	1000301
19	1000302
20	1000303
21	1000305
22	1000306
23	1000307
24	1201
25	1202
26	1203
27	1204
28	1207
29	1208
30	13012
31	13023
32	13032
33	1305
34	13062
35	13072
36	1308
37	1309
38	100301
39	100302
40	100303
41	100304
42	2201
43	2202
44	2203
45	2204
46	2205
47	2206
48	2101
49	23011
50	23013
51	2302
52	2303
53	23042
54	23062
55	2307
56	2308
57	23091
58	23092
59	3201
60	3202
61	3203
62	3204
63	3205
64	3206
65	33011
66	33012
67	3302
68	3303
69	3304
70	33042
71	3305
72	33052
73	3306
74	33062
75	3307
76	3308
77	3309
78	3310
79	3311
80	33112
81	3312
82	4201
83	4202
84	4203
85	4204
86	4205
87	4206
88	4207
89	4208
90	4301
91	43012
92	4302
93	43022
94	43023
95	43024
96	43025
97	4303
98	4304
99	4305
100	43052
101	4306
102	43062
103	4307
104	43072
105	43073
106	43074
107	4308
108	4309
109	4310
110	4311
111	5201
112	5202
113	5203
114	5204
115	5205
116	5206
117	5101
118	5301
119	53012
120	53013
121	53020
122	5302
123	5303
124	53032
125	53033
126	5304
127	53042
128	5305
129	5306
130	5307
131	53072
132	5308
133	53082
134	5309
135	5310
136	5311
137	5312
138	6201
139	6202
140	6203
141	6204
142	6205
143	6206
144	6101
145	6301
146	63012
147	6302
148	63022
149	63023
150	6303
151	63032
152	63033
153	63034
154	6304
155	6305
156	63052
157	6306
158	63062
159	63063
160	6307
161	6308
162	6309
163	6310
164	6311
165	6312
166	7201
167	7202
168	7203
169	7204
170	7205
171	7206
172	7207
173	7301
174	7302
175	7303
176	7304
177	73051
178	73052
179	7306
180	7307
181	7308
182	7309
183	7310
184	7311
185	73112

187	8201
188	8202
189	8203
190	8204
191	8205
192	8206
193	8207
194	8101
195	83010
196	8301
197	8302
198	8303
199	8304
200	8305
201	8306
202	8307
203	8308
204	8309
205	8310
206	8311
207	8312
208	9201
209	9202
210	9203
211	9204
212	9205
213	9206
214	9207
215	9208
216	9101
217	93011
218	93012
219	93021
220	93022
221	93031
222	93032
223	9304
224	9305
225	9306
226	93071
227	93081
228	93082
229	9309
230	9310
231	9311
232	9312
233	10201
234	10202
235	10203
236	10204
237	10205
238	10206
239	10207
240	10208
241	10101
242	10301
243	103012
244	103013
245	10302
246	103022
247	10303
248	103032
249	10304
250	103042
251	10305
252	10306
253	103062
254	103071
255	103072
256	10308
257	10309
258	10310
259	10311
260	103112
261	10312
262	11200
263	11201
264	11202
265	11203
266	11204
267	11205
268	11206
269	11207
270	11208
271	11209
272	11210
273	11101
274	11102
275	12200
276	12201
277	12202
278	12203
279	12204
280	12205
281	12206
282	12207
283	12208
284	12101
285	13200
286	12221
287	12222
288	12223
289	12224
290	12225
291	12226
292	12227
293	12228
294	12121
295	12122
296	13220
297	12231
298	12232
299	12233
300	12234
301	12235
302	12236
303	12237
304	12238
305	12131
306	13230
307	502201
308	502202
309	502203
310	502204
311	502205
312	502206
313	502207
314	502101
315	502102
316	502103
317	90001101
318	90001102
319	90001103
320	90001104
321	90001301
322	90001302
323	90001303
324	90001304
325	90101101
326	90101102
327	90101103
328	90101301
329	90101302
330	90002101
331	90002102
332	90002103
333	90002301
334	90002302
335	90002303
336	90102101
337	90102102
338	90102103
339	90102301
340	90102302
341	90102303
342	90003101
343	90003102
344	90003103
345	90003301
346	90003302
347	90003303
348	90003304
349	90004101
350	90004102
351	90004103
352	90004301
353	90004302
354	90004303
355	90004304
356	90104101
357	90104102
358	90104103
359	90104301
360	90104302
361	90104303
362	90005101
363	90005102
364	90005103
365	90005301
366	90005302
367	90105101
368	90105102
369	90105103
370	90105301
371	90105302
372	90105303
373	90006101
374	90006102
375	90006103
376	90006301
377	90006302
378	90006303
379	90106101
380	90106102
381	90106103
382	90106104
383	90106301
384	90007101
385	90007102
386	90007103
387	90007301
388	90007302
389	90107101
390	90107102
391	90107103
392	90107104
393	90008101
394	90008102
395	90008103
396	90008301
397	90008302
398	90008303
399	90108102
400	90108101
401	90108103
402	90108301
403	90108302
404	90108303
405	90010101
406	90010102
407	90010103
408	90010104
409	90010301
410	90010302
411	90010303
412	90010304
413	90110101
414	90110102
415	90110103
416	90110104
417	90110301
418	90011101
419	90011102
420	90011103
421	90011301
422	90011302
423	90011303
424	90111101
425	90111102
426	90111103
427	90012101
428	90012102
429	90012103
430	90012104
431	90012301
432	90012302
433	90012303
434	90112101
435	90112102
436	90112103
437	90112104
438	90013101
439	90013102
440	90013103
441	90013301
442	90013302
443	90013303
444	90014101
445	90014102
446	90014103
447	90014301
448	90014302
449	90014303
450	90114101
451	90114102
452	90114103
453	90114301
454	90114302
455	90114303
456	90114304
457	90114305
458	90015101
459	90015102
460	90015103
461	90016101
462	90016102
463	90016103
464	90017101
465	90017102
466	90017103
467	90017104
468	90017301
469	700101
470	700102
471	700103
472	700104
473	700105
474	700201
475	700202
476	700203
477	700204
478	700205
479	700301
480	700302
481	700303
482	700304
483	700305
484	700401
485	700402
486	700403
487	700404
488	700405
489	700501
490	700502
491	700503
492	700504
493	700505
494	700601
495	700602
496	700603
497	700604
498	700605
499	700701
500	700702
501	700703
502	700704
503	700705
504	700801
505	700802
506	700803
507	700804
508	700805
509	701001
510	701002
511	701003
512	701004
513	701005
514	701101
515	701102
516	701103
517	701104
518	701105
519	701201
520	701202
521	701203
522	701204
523	701205
524	701301
525	701302
526	701303
527	701304
528	701305
529	701401
530	701402
531	701403
532	701404
533	701405
534	701501
535	701502
536	701503
537	701504
538	701505
539	701601
540	701602
541	701603
542	701604
543	701605
544	701701
545	701702
546	701703
547	701704
548	701705
549	81011100
550	81011101
551	81011102
552	81011103
553	81011104
554	81011105
555	81011201
556	81011202
557	81011203
558	81011204
559	81012101
560	81012102
561	81012103
562	81012104
563	81012105
564	81012201
565	81012202
566	81013101
567	81013102
568	81013103
569	81013104
570	81013105
571	81013201
572	81013202
573	81014101
574	81014102
575	81014103
576	81014104
577	81014105
578	81014201
579	81014202
580	81014204
581	81015101
582	81015102
583	81015103
584	81015104
585	81015105
586	81015106
587	81016101
588	81016103
589	81016104
590	81016105
591	81016106
592	81016107
593	81016108
594	990001
595	990002
596	990003
597	8001101
598	8001102
599	8001200
600	8001300
601	8001400
602	8001500
603	8001600
604	8001700
605	8001800
606	8001010
607	8001020
608	8001030
609	8001040
610	8001050
611	990004
612	8001060
613	8003100
614	8003101
615	8003102
616	8003103
617	8003104
618	8003105
619	8003106
620	8003107
621	8003108
622	8003109
623	8003201
624	8003202


627	8203101
628	8203102
629	8203103
630	8203201
631	8203202
632	8203203
633	8007101
634	8007102
635	8007103
636	8007104
637	8007105
638	8007106
639	8007107
640	8007108
641	8007109
642	8007205
643	8107100
644	13240
645	90113101
646	90113102
647	90113103
648	13250














663	8011100
664	13201
665	13202
666	13203
667	13204
668	13205
669	13206
670	13207
671	13208
672	13209
673	13210
674	13211
675	13101
676	13102
677	90208101
678	90208102
679	90208103
680	90202101
681	90202102
682	90202103
683	8109101
684	8109201
685	8109100
686	503201
687	503202
688	503203
689	503204
690	503205
691	503206
692	503207
693	503208
694	503101
695	503102

697	8011200
698	701801
699	701802
700	701803
701	701804
702	701805
703	90018101
704	90018102
705	90018103
706	90018104








715	8011101
716	8011102
717	8011103
718	8011104
719	8011105
720	8011106
721	8011107
722	8011108
723	8011109
724	8011110
725	8011111
726	8011201
727	8011202
728	8011203
729	504201
730	504200
731	90115101



735	90115102
736	90115103
737	90115104
738	90205101
739	90205102
740	90205103
741	90204101
742	90204102
743	90204103
744	504202
745	504203





751	504101
752	504204
753	504205
754	504206
755	504207
756	504208
757	8111101
758	8112101










769	14200




774	14201
775	14202
776	14203
777	14204
778	14205
779	14206
780	14207











792	90020101
793	90020102
794	90020103




799	14211
800	14212
801	14213
802	14214
803	14215
804	14216
805	14217
806	14218

808	8125302



812	90214101
813	90214102
814	90214103
815	90210101
816	90210102
817	90210103

819	8125303
820	8026100










831	505200

833	8026101
834	8026102
835	8026103
836	8026104
837	8026105
838	8026106
839	8026107

841	8026302
842	90211101
843	90211102
844	90211103
845	505201
846	505202
847	505203
848	505204
849	505205
850	505206
851	505207
852	505208
853	505209
854	505210
855	505211
856	505101
857	15200

859	8226101
860	8226102

862	8226201
863	8226301

865	8227301
866	90103101
867	90103102
868	90103103
869	90021101
870	90021102
871	90021103
872	90021104
873	702001
874	702002
875	702003
876	702004
877	702005
878	8227302
879	8227303
880	8227304








889	15201

891	15202
892	15203
893	15204
894	15205
895	15206
896	15207
897	15208
898	15210
899	702101
900	702102
901	702103
902	702104
903	702105
904	90118101
905	90118102
906	90118103

908	8003110
909	8003111
910	8003112
911	8003203

913	8230301
914	8230302
915	90215101
916	90215102
917	90215103
918	90117101
919	90117102
920	90117103
921	15211
922	15212











934	15213
935	15214
936	15215
937	15216
938	15217
939	15218
940	15219
941	15220
942	15111
943	15112
944	15113
945	8031100
946	506201
947	506202
948	506203
949	506204
950	506205
951	506206
952	506207
953	506208
954	506209
955	506210
956	8032100
957	90022101
958	90022102
959	90022103
960	9102
961	9103
962	9104
963	8132301
964	91042
965	8032101
966	8032102
967	8032103
968	8032104
969	8032105
970	8032106
971	8032107
972	8032108
973	8032109
974	8032110
975	8032111
976	8032201
977	8032202
978	8032203
979	507200





985	90308101
986	90308102
987	90308103
988	90308301
989	90308302
990	90308303
991	90213101
992	90213102
993	90213103
994	8132302
995	8132311











1007	507201
1008	507202
1009	507203
1010	507204
1011	507205
1012	507206
1013	507207
1014	507208
1015	507209
1016	507210
1017	507211
1018	507101
1019	90206101
1020	90206102
1021	90206103
1022	90023101
1023	90023102
1024	90023103


1027	9110
1028	702201
1029	702202
1030	702203
1031	702204
1032	702205
1033	508200
1034	508201
1035	508202
1036	508203
1037	508204
1038	508205
1039	508206
1040	508207
1041	508208
1042	508209
1043	508210
1044	508101
1045	508102
1046	508103
1047	16200
1048	90212101
1049	90212102
1050	90212103

1052	90120101
1053	90120102
1054	90120103
1055	702301
1056	702302
1057	702303
1058	702304
1059	702305
1060	8134301
1061	8134302
1062	8134303
1063	8134304
1064	16201
1065	16202
1066	16203
1067	16204
1068	16205








1077	16206
1078	16207
1079	16208
1080	16209
1081	16210
1082	16211
1083	16101
1084	16102
1085	90201101
1086	90201102
1087	90201103
1088	90201104
1089	90305101
1090	90305102
1091	90305103
1092	509200
1093	8135312
1094	509201
1095	509202
1096	509203
1097	509204
1098	509205
1099	509206
1100	509207
1101	509208
1102	509209
1103	509210
1104	509101
1105	17200
1106	90304101
1107	90304102
1108	90304103



1112	90124101
1113	90124102
1114	90124103
1115	17201













1129	17202
1130	17203
1131	17204
1132	17205
1133	17206
1134	17207
1135	17208
1136	17209
1137	17210
1138	17101
1139	17102
1140	17103
1141	17104

1143	510200



1147	90302101
1148	90302102
1149	90302103
1150	90310102


1153	90310101
1154	90310103
1155	8237301
1156	8237302
1157	8237303
1158	8237304
1159	8237305
1160	8237306
1161	8237307
1162	8237308
1163	8237311
1164	8237312
1165	8237313
1166	8237314
1167	8237315
1168	8237316
1169	8237317
1170	8237318
1171	8237321
1172	8237322
1173	8237323
1174	8237324
1175	8237325
1176	8237326
1177	8237327
1178	8237328