道具大类	道具子类	道具ID	等级	//注释	禁用道具	类名	名字key	稀有度（1=白，2=绿，3=蓝，4=紫，5=橙）	类型图标（手动配置对应小图标）	图标(17+d(xx)+p(xx)+l	使用方式，0不可使用，1自动，2手动  不填为0	获取类型（1默认，2供应站，3活动，4成就，5通行证	获取途径	附加参数1	附加参数2	附加参数3	修正时间	JsonID	皮肤ID	GM投放	商店对应{g,d,p,l}
Genre	Detail	Particular	Level	Comment	Close	LuaType	I18n	Color	Tag	Icon	UseMode	GetType	GetWay	Param1	Param2	Param3	ATime	JsonID	SkinId	GMnum	GoodsItemID
22	1	1	1	安卡希雅病号服动作1		housephoto			5	45012001		1						1100101	70100	1	
22	1	1	2	安卡希雅病号服动作2		housephoto			5	45012002		1						1100102	70100	1	
22	1	1	3	安卡希雅病号服动作3		housephoto			5	45012003		1						1100103	70100	1	
22	1	1	4	安卡希雅病号服动作4		housephoto			5	45012004		1						1100104	70100	1	
22	1	1	5	安卡希雅病号服动作5		housephoto			5	45012005		1						1100105	70100	1	
22	1	1	6	安卡希雅病号服动作6		housephoto			5	45012006		1						1100106	70100	1	
22	1	2	1	里芙病号服动作1		housephoto			5	45022001		1						1100201	70200	1	
22	1	2	2	里芙病号服动作2		housephoto			5	45022002		1						1100202	70200	1	
22	1	2	3	里芙病号服动作3		housephoto			5	45022003		1						1100203	70200	1	
22	1	2	4	里芙病号服动作4		housephoto			5	45022004		1						1100204	70200	1	
22	1	2	5	里芙病号服动作5		housephoto			5	45022005		1						1100205	70200	1	
22	1	2	6	里芙病号服动作6		housephoto			5	45022006		1						1100206	70200	1	
22	1	3	1	妮塔病号服动作1		housephoto			5	45032001		1						1100301	70300	1	
22	1	3	2	妮塔病号服动作2		housephoto			5	45032002		1						1100302	70300	1	
22	1	3	3	妮塔病号服动作3		housephoto			5	45032003		1						1100303	70300	1	
22	1	3	4	妮塔病号服动作4		housephoto			5	45032004		1						1100304	70300	1	
22	1	3	5	妮塔病号服动作5		housephoto			5	45032005		1						1100305	70300	1	
22	1	3	6	妮塔病号服动作6		housephoto			5	45032006		1						1100306	70300	1	
22	1	4	1	芙提雅病号服动作1		housephoto			5	45042001		1						1100401	70400	1	
22	1	4	2	芙提雅病号服动作2		housephoto			5	45042002		1						1100402	70400	1	
22	1	4	3	芙提雅病号服动作3		housephoto			5	45042003		1						1100403	70400	1	
22	1	4	4	芙提雅病号服动作4		housephoto			5	45042004		1						1100404	70400	1	
22	1	4	5	芙提雅病号服动作5		housephoto			5	45042005		1						1100405	70400	1	
22	1	4	6	芙提雅病号服动作6		housephoto			5	45042006		1						1100406	70400	1	
22	1	5	1	茉莉安病号服动作1		housephoto			5	45052001		1						1100501	70500	1	
22	1	5	2	茉莉安病号服动作2		housephoto			5	45052002		1						1100502	70500	1	
22	1	5	3	茉莉安病号服动作3		housephoto			5	45052003		1						1100503	70500	1	
22	1	5	4	茉莉安病号服动作4		housephoto			5	45052004		1						1100504	70500	1	
22	1	5	5	茉莉安病号服动作5		housephoto			5	45052005		1						1100505	70500	1	
22	1	5	6	茉莉安病号服动作6		housephoto			5	45052006		1						1100506	70500	1	
22	1	6	1	晴病号服动作1		housephoto			5	45062001		1						1100601	70600	1	
22	1	6	2	晴病号服动作2		housephoto			5	45062002		1						1100602	70600	1	
22	1	6	3	晴病号服动作3		housephoto			5	45062003		1						1100603	70600	1	
22	1	6	4	晴病号服动作4		housephoto			5	45062004		1						1100604	70600	1	
22	1	6	5	晴病号服动作5		housephoto			5	45062005		1						1100605	70600	1	
22	1	6	6	晴病号服动作6		housephoto			5	45062006		1						1100606	70600	1	
22	1	7	1	琴诺病号服动作1		housephoto			5	45072001		1						1100701	70700	1	
22	1	7	2	琴诺病号服动作2		housephoto			5	45072002		1						1100702	70700	1	
22	1	7	3	琴诺病号服动作3		housephoto			5	45072003		1						1100703	70700	1	
22	1	7	4	琴诺病号服动作4		housephoto			5	45072004		1						1100704	70700	1	
22	1	7	5	琴诺病号服动作5		housephoto			5	45072005		1						1100705	70700	1	
22	1	7	6	琴诺病号服动作6		housephoto			5	45072006		1						1100706	70700	1	
22	1	8	1	芬妮病号服动作1		housephoto			5	45082001		1						1100801	70800	1	
22	1	8	2	芬妮病号服动作2		housephoto			5	45082002		1						1100802	70800	1	
22	1	8	3	芬妮病号服动作3		housephoto			5	45082003		1						1100803	70800	1	
22	1	8	4	芬妮病号服动作4		housephoto			5	45082004		1						1100804	70800	1	
22	1	8	5	芬妮病号服动作5		housephoto			5	45082005		1						1100805	70800	1	
22	1	8	6	芬妮病号服动作6		housephoto			5	45082006		1						1100806	70800	1	
22	1	10	1	肴病号服动作1		housephoto			5	45102001		1						1101001	71000	1	
22	1	10	2	肴病号服动作2		housephoto			5	45102002		1						1101002	71000	1	
22	1	10	3	肴病号服动作3		housephoto			5	45102003		1						1101003	71000	1	
22	1	10	4	肴病号服动作4		housephoto			5	45102004		1						1101004	71000	1	
22	1	10	5	肴病号服动作5		housephoto			5	45102005		1						1101005	71000	1	
22	1	10	6	肴病号服动作6		housephoto			5	45102006		1						1101006	71000	1	
22	1	11	1	恩雅病号服动作1		housephoto			5	45112001		1						1101101	71100	1	
22	1	11	2	恩雅病号服动作2		housephoto			5	45112002		1						1101102	71100	1	
22	1	11	3	恩雅病号服动作3		housephoto			5	45112003		1						1101103	71100	1	
22	1	11	4	恩雅病号服动作4		housephoto			5	45112004		1						1101104	71100	1	
22	1	11	5	恩雅病号服动作5		housephoto			5	45112005		1						1101105	71100	1	
22	1	11	6	恩雅病号服动作6		housephoto			5	45112006		1						1101106	71100	1	
22	1	12	1	猫汐儿病号服动作1		housephoto			5	45122001		1						1101201	71200	1	
22	1	12	2	猫汐儿病号服动作2		housephoto			5	45122002		1						1101202	71200	1	
22	1	12	3	猫汐儿病号服动作3		housephoto			5	45122003		1						1101203	71200	1	
22	1	12	4	猫汐儿病号服动作4		housephoto			5	45122004		1						1101204	71200	1	
22	1	12	5	猫汐儿病号服动作5		housephoto			5	45122005		1						1101205	71200	1	
22	1	12	6	猫汐儿病号服动作6		housephoto			5	45122006		1						1101206	71200	1	
22	1	13	1	瑟瑞斯病号服动作1		housephoto			5	45132001		1						1101301	71300	1	
22	1	13	2	瑟瑞斯病号服动作2		housephoto			5	45132002		1						1101302	71300	1	
22	1	13	3	瑟瑞斯病号服动作3		housephoto			5	45132003		1						1101303	71300	1	
22	1	13	4	瑟瑞斯病号服动作4		housephoto			5	45132004		1						1101304	71300	1	
22	1	13	5	瑟瑞斯病号服动作5		housephoto			5	45132005		1						1101305	71300	1	
22	1	13	6	瑟瑞斯病号服动作6		housephoto			5	45132006		1						1101306	71300	1	
22	1	14	1	辰星病号服动作1		housephoto			5	45142001		1						1101401	71400	1	
22	1	14	2	辰星病号服动作2		housephoto			5	45142002		1						1101402	71400	1	
22	1	14	3	辰星病号服动作3		housephoto			5	45142003		1						1101403	71400	1	
22	1	14	4	辰星病号服动作4		housephoto			5	45142004		1						1101404	71400	1	
22	1	14	5	辰星病号服动作5		housephoto			5	45142005		1						1101405	71400	1	
22	1	14	6	辰星病号服动作6		housephoto			5	45142006		1						1101406	71400	1	
22	1	15	1	凯茜娅病号服动作1		housephoto			5	45152001		1						1101501	71500	1	
22	1	15	2	凯茜娅病号服动作2		housephoto			5	45152002		1						1101502	71500	1	
22	1	15	3	凯茜娅病号服动作3		housephoto			5	45152003		1						1101503	71500	1	
22	1	15	4	凯茜娅病号服动作4		housephoto			5	45152004		1						1101504	71500	1	
22	1	15	5	凯茜娅病号服动作5		housephoto			5	45152005		1						1101505	71500	1	
22	1	15	6	凯茜娅病号服动作6		housephoto			5	45152006		1						1101506	71500	1	
22	1	16	1	伊切尔病号服动作1		housephoto			5	45162001		1						1101601	71600	1	
22	1	16	2	伊切尔病号服动作2		housephoto			5	45162002		1						1101602	71600	1	
22	1	16	3	伊切尔病号服动作3		housephoto			5	45162003		1						1101603	71600	1	
22	1	16	4	伊切尔病号服动作4		housephoto			5	45162004		1						1101604	71600	1	
22	1	16	5	伊切尔病号服动作5		housephoto			5	45162005		1						1101605	71600	1	
22	1	16	6	伊切尔病号服动作6		housephoto			5	45162006		1						1101606	71600	1	
22	1	17	1	苔丝病号服动作1		housephoto			5	45172001		1						1101701	71700	1	
22	1	17	2	苔丝病号服动作2		housephoto			5	45172002		1						1101702	71700	1	
22	1	17	3	苔丝病号服动作3		housephoto			5	45172003		1						1101703	71700	1	
22	1	17	4	苔丝病号服动作4		housephoto			5	45172004		1						1101704	71700	1	
22	1	17	5	苔丝病号服动作5		housephoto			5	45172005		1						1101705	71700	1	
22	1	17	6	苔丝病号服动作6		housephoto			5	45172006		1						1101706	71700	1	
22	1	18	1	薇蒂雅病号服动作1		housephoto			5	45182001		1						1101801	71800	1	
22	1	18	2	薇蒂雅病号服动作2		housephoto			5	45182002		1						1101802	71800	1	
22	1	18	3	薇蒂雅病号服动作3		housephoto			5	45182003		1						1101803	71800	1	
22	1	18	4	薇蒂雅病号服动作4		housephoto			5	45182004		1						1101804	71800	1	
22	1	18	5	薇蒂雅病号服动作5		housephoto			5	45182005		1						1101805	71800	1	
22	1	18	6	薇蒂雅病号服动作6		housephoto			5	45182006		1						1101806	71800	1	
22	1	20	1	卜卜病号服动作1		housephoto			5	45202001		1						1102001	72000	1	
22	1	20	2	卜卜病号服动作2		housephoto			5	45202002		1						1102002	72000	1	
22	1	20	3	卜卜病号服动作3		housephoto			5	45202003		1						1102003	72000	1	
22	1	20	4	卜卜病号服动作4		housephoto			5	45202004		1						1102004	72000	1	
22	1	20	5	卜卜病号服动作5		housephoto			5	45202005		1						1102005	72000	1	
22	1	20	6	卜卜病号服动作6		housephoto			5	45202006		1						1102006	72000	1	
22	1	21	1	奈莉德病号服动作1		housephoto			5	45212001		1						1102101	72100	1	
22	1	21	2	奈莉德病号服动作2		housephoto			5	45212002		1						1102102	72100	1	
22	1	21	3	奈莉德病号服动作3		housephoto			5	45212003		1						1102103	72100	1	
22	1	21	4	奈莉德病号服动作4		housephoto			5	45212004		1						1102104	72100	1	
22	1	21	5	奈莉德病号服动作5		housephoto			5	45212005		1						1102105	72100	1	
22	1	21	6	奈莉德病号服动作6		housephoto			5	45212006		1						1102106	72100	1	
22	1	22	1	克罗瑞娜病号服动作1		housephoto			5	45222001		1						1102201	72200	1	
22	1	22	2	克罗瑞娜病号服动作2		housephoto			5	45222002		1						1102202	72200	1	
22	1	22	3	克罗瑞娜病号服动作3		housephoto			5	45222003		1						1102203	72200	1	
22	1	22	4	克罗瑞娜病号服动作4		housephoto			5	45222004		1						1102204	72200	1	
22	1	22	5	克罗瑞娜病号服动作5		housephoto			5	45222005		1						1102205	72200	1	
22	1	22	6	克罗瑞娜病号服动作6		housephoto			5	45222006		1						1102206	72200	1	
22	1	23	1	米娅病号服动作1		housephoto			5	45231006		1						1102301	72300	1	
22	1	23	2	米娅病号服动作2		housephoto			5	45232001		1						1102302	72300	1	
22	1	23	3	米娅病号服动作3		housephoto			5	45232002		1						1102303	72300	1	
22	1	23	4	米娅病号服动作4		housephoto			5	45232003		1						1102304	72300	1	
22	1	23	5	米娅病号服动作5		housephoto			5	45232004		1						1102305	72300	1	
22	1	23	6	米娅病号服动作6		housephoto			5	45232005		1						1102306	72300	1	
22	1	99	2	分析员换装1动作2		housephoto			5	46020006		1						1109902	79900	1	
22	1	99	3	分析员换装1动作3		housephoto			5	46020007		1						1109903	79900	1	
22	1	99	4	分析员换装1动作4		housephoto			5	46020008		1						1109904	79900	1	
22	1	99	5	分析员换装1动作5		housephoto			5	46020009		1						1109905	79900	1	
22	1	99	6	分析员换装1动作6		housephoto			5	46020010		1						1109906	79900	1	
22	1	99	8	分析员换装2动作2		housephoto			5	46010006		1						1119902	79901	1	
22	1	99	9	分析员换装2动作3		housephoto			5	46010007		1						1119903	79901	1	
22	1	99	10	分析员换装2动作4		housephoto			5	46010008		1						1119904	79901	1	
22	1	99	11	分析员换装2动作5		housephoto			5	46010009		1						1119905	79901	1	
22	1	99	12	分析员换装2动作6		housephoto			5	46010010		1						1119906	79901	1	
22	1	99	14	分析员换装3动作2		housephoto			5	46030006		1						1129902	79902	1	
22	1	99	15	分析员换装3动作3		housephoto			5	46030007		1						1129903	79902	1	
22	1	99	16	分析员换装3动作4		housephoto			5	46030008		1						1129904	79902	1	
22	1	99	17	分析员换装3动作5		housephoto			5	46030009		1						1129905	79902	1	
22	1	99	18	分析员换装3动作6		housephoto			5	46030010		1						1129906	79902	1	
22	1	99	19	分析员换装10动作2		housephoto			5	46050006		1						11109902	79910	1	
22	1	99	20	分析员换装10动作3		housephoto			5	46050007		1						11109903	79910	1	
22	1	99	21	分析员换装10动作4		housephoto			5	46050008		1						11109904	79910	1	
22	1	99	22	分析员换装10动作5		housephoto			5	46050009		1						11109905	79910	1	
22	1	99	23	分析员换装10动作6		housephoto			5	46050010		1						11109906	79910	1	
22	1	99	26	分析员换装10动作7		housephoto	supplies.housephoto_player010_photo11	5	5	46050011		3						11109907	79910	1	{16,4,1,1}
22	1	99	27	分析员换装10动作8		housephoto	supplies.housephoto_player010_photo12	5	5	46050012		3						11109908	79910	1	{16,4,1,1}
22	1	99	24	分析员换装13动作9		housephoto	supplies.housephoto_player013_photo09	5	5	46060001		3						11139909	79913	1	{16,5,1,1}
22	1	99	25	分析员换装13动作10		housephoto	supplies.housephoto_player013_photo10	5	5	46060002		3						11139910	79913	1	{16,5,1,1}
22	1	99	28	分析员换装13动作13		housephoto	supplies.housephoto_player013_photo13	5	5	46060003		3						11139913	79913	1	{16,5,1,1}
22	1	99	29	分析员换装13动作14		housephoto	supplies.housephoto_player013_photo14	5	5	46060004		3						11139914	79913	1	{16,5,1,1}
																					
																					
																					
22	2	1	1	安卡希雅病号服通用表情1		housephoto			5	45011001		1						2100101	70100	1	
22	2	1	2	安卡希雅病号服通用表情2		housephoto			5	45011002		1						2100102	70100	1	
22	2	1	3	安卡希雅病号服通用表情3		housephoto			5	45011003		1						2100103	70100	1	
22	2	1	4	安卡希雅病号服通用表情4		housephoto			5	45011004		1						2100104	70100	1	
22	2	1	5	安卡希雅病号服通用表情5		housephoto			5	45011005		1						2100105	70100	1	
22	2	2	1	里芙病号服通用表情1		housephoto			5	45021001		1						2100201	70200	1	
22	2	2	2	里芙病号服通用表情2		housephoto			5	45021002		1						2100202	70200	1	
22	2	2	3	里芙病号服通用表情3		housephoto			5	45021003		1						2100203	70200	1	
22	2	2	4	里芙病号服通用表情4		housephoto			5	45021004		1						2100204	70200	1	
22	2	2	5	里芙病号服通用表情5		housephoto			5	45021005		1						2100205	70200	1	
22	2	3	1	妮塔病号服通用表情1		housephoto			5	45031001		1						2100301	70300	1	
22	2	3	2	妮塔病号服通用表情2		housephoto			5	45031002		1						2100302	70300	1	
22	2	3	3	妮塔病号服通用表情3		housephoto			5	45031003		1						2100303	70300	1	
22	2	3	4	妮塔病号服通用表情4		housephoto			5	45031004		1						2100304	70300	1	
22	2	3	5	妮塔病号服通用表情5		housephoto			5	45031005		1						2100305	70300	1	
22	2	4	1	芙提雅病号服通用表情1		housephoto			5	45041001		1						2100401	70400	1	
22	2	4	2	芙提雅病号服通用表情2		housephoto			5	45041002		1						2100402	70400	1	
22	2	4	3	芙提雅病号服通用表情3		housephoto			5	45041003		1						2100403	70400	1	
22	2	4	4	芙提雅病号服通用表情4		housephoto			5	45041004		1						2100404	70400	1	
22	2	4	5	芙提雅病号服通用表情5		housephoto			5	45041005		1						2100405	70400	1	
22	2	5	1	茉莉安病号服通用表情1		housephoto			5	45051001		1						2100501	70500	1	
22	2	5	2	茉莉安病号服通用表情2		housephoto			5	45051002		1						2100502	70500	1	
22	2	5	3	茉莉安病号服通用表情3		housephoto			5	45051003		1						2100503	70500	1	
22	2	5	4	茉莉安病号服通用表情4		housephoto			5	45051004		1						2100504	70500	1	
22	2	5	5	茉莉安病号服通用表情5		housephoto			5	45051005		1						2100505	70500	1	
22	2	6	1	晴病号服通用表情1		housephoto			5	45061001		1						2100601	70600	1	
22	2	6	2	晴病号服通用表情2		housephoto			5	45061002		1						2100602	70600	1	
22	2	6	3	晴病号服通用表情3		housephoto			5	45061003		1						2100603	70600	1	
22	2	6	4	晴病号服通用表情4		housephoto			5	45061004		1						2100604	70600	1	
22	2	6	5	晴病号服通用表情5		housephoto			5	45061005		1						2100605	70600	1	
22	2	7	1	琴诺病号服通用表情1		housephoto			5	45071001		1						2100701	70700	1	
22	2	7	2	琴诺病号服通用表情2		housephoto			5	45071002		1						2100702	70700	1	
22	2	7	3	琴诺病号服通用表情3		housephoto			5	45071003		1						2100703	70700	1	
22	2	7	4	琴诺病号服通用表情4		housephoto			5	45071004		1						2100704	70700	1	
22	2	7	5	琴诺病号服通用表情5		housephoto			5	45071005		1						2100705	70700	1	
22	2	8	1	芬妮病号服通用表情1		housephoto			5	45081001		1						2100801	70800	1	
22	2	8	2	芬妮病号服通用表情2		housephoto			5	45081002		1						2100802	70800	1	
22	2	8	3	芬妮病号服通用表情3		housephoto			5	45081003		1						2100803	70800	1	
22	2	8	4	芬妮病号服通用表情4		housephoto			5	45081004		1						2100804	70800	1	
22	2	8	5	芬妮病号服通用表情5		housephoto			5	45081005		1						2100805	70800	1	
22	2	10	1	肴病号服通用表情1		housephoto			5	45101001		1						2101001	71000	1	
22	2	10	2	肴病号服通用表情2		housephoto			5	45101002		1						2101002	71000	1	
22	2	10	3	肴病号服通用表情3		housephoto			5	45101003		1						2101003	71000	1	
22	2	10	4	肴病号服通用表情4		housephoto			5	45101004		1						2101004	71000	1	
22	2	10	5	肴病号服通用表情5		housephoto			5	45101005		1						2101005	71000	1	
22	2	11	1	恩雅病号服通用表情1		housephoto			5	45111001		1						2101101	71100	1	
22	2	11	2	恩雅病号服通用表情2		housephoto			5	45111002		1						2101102	71100	1	
22	2	11	3	恩雅病号服通用表情3		housephoto			5	45111003		1						2101103	71100	1	
22	2	11	4	恩雅病号服通用表情4		housephoto			5	45111004		1						2101104	71100	1	
22	2	11	5	恩雅病号服通用表情5		housephoto			5	45111005		1						2101105	71100	1	
22	2	12	1	猫汐儿病号服通用表情1		housephoto			5	45121001		1						2101201	71200	1	
22	2	12	2	猫汐儿病号服通用表情2		housephoto			5	45121002		1						2101202	71200	1	
22	2	12	3	猫汐儿病号服通用表情3		housephoto			5	45121003		1						2101203	71200	1	
22	2	12	4	猫汐儿病号服通用表情4		housephoto			5	45121004		1						2101204	71200	1	
22	2	12	5	猫汐儿病号服通用表情5		housephoto			5	45121005		1						2101205	71200	1	
22	2	13	1	瑟瑞斯病号服通用表情1		housephoto			5	45131001		1						2101301	71300	1	
22	2	13	2	瑟瑞斯病号服通用表情2		housephoto			5	45131002		1						2101302	71300	1	
22	2	13	3	瑟瑞斯病号服通用表情3		housephoto			5	45131003		1						2101303	71300	1	
22	2	13	4	瑟瑞斯病号服通用表情4		housephoto			5	45131004		1						2101304	71300	1	
22	2	13	5	瑟瑞斯病号服通用表情5		housephoto			5	45131005		1						2101305	71300	1	
22	2	14	1	辰星病号服通用表情1		housephoto			5	45141001		1						2101401	71400	1	
22	2	14	2	辰星病号服通用表情2		housephoto			5	45141002		1						2101402	71400	1	
22	2	14	3	辰星病号服通用表情3		housephoto			5	45141003		1						2101403	71400	1	
22	2	14	4	辰星病号服通用表情4		housephoto			5	45141004		1						2101404	71400	1	
22	2	14	5	辰星病号服通用表情5		housephoto			5	45141005		1						2101405	71400	1	
22	2	15	1	凯茜娅病号服通用表情1		housephoto			5	45151001		1						2101501	71500	1	
22	2	15	2	凯茜娅病号服通用表情2		housephoto			5	45151002		1						2101502	71500	1	
22	2	15	3	凯茜娅病号服通用表情3		housephoto			5	45151003		1						2101503	71500	1	
22	2	15	4	凯茜娅病号服通用表情4		housephoto			5	45151004		1						2101504	71500	1	
22	2	15	5	凯茜娅病号服通用表情5		housephoto			5	45151005		1						2101505	71500	1	
22	2	16	1	伊切尔病号服通用表情1		housephoto			5	45161001		1						2101601	71600	1	
22	2	16	2	伊切尔病号服通用表情2		housephoto			5	45161002		1						2101602	71600	1	
22	2	16	3	伊切尔病号服通用表情3		housephoto			5	45161003		1						2101603	71600	1	
22	2	16	4	伊切尔病号服通用表情4		housephoto			5	45161004		1						2101604	71600	1	
22	2	16	5	伊切尔病号服通用表情5		housephoto			5	45161005		1						2101605	71600	1	
22	2	17	1	苔丝病号服通用表情1		housephoto			5	45171001		1						2101701	71700	1	
22	2	17	2	苔丝病号服通用表情2		housephoto			5	45171002		1						2101702	71700	1	
22	2	17	3	苔丝病号服通用表情3		housephoto			5	45171003		1						2101703	71700	1	
22	2	17	4	苔丝病号服通用表情4		housephoto			5	45171004		1						2101704	71700	1	
22	2	17	5	苔丝病号服通用表情5		housephoto			5	45171005		1						2101705	71700	1	
22	2	18	1	薇蒂雅病号服通用表情1		housephoto			5	45181001		1						2101801	71800	1	
22	2	18	2	薇蒂雅病号服通用表情2		housephoto			5	45181002		1						2101802	71800	1	
22	2	18	3	薇蒂雅病号服通用表情3		housephoto			5	45181003		1						2101803	71800	1	
22	2	18	4	薇蒂雅病号服通用表情4		housephoto			5	45181004		1						2101804	71800	1	
22	2	18	5	薇蒂雅病号服通用表情5		housephoto			5	45181005		1						2101805	71800	1	
22	2	20	1	卜卜病号服通用表情1		housephoto			5	45201001		1						2102001	72000	1	
22	2	20	2	卜卜病号服通用表情2		housephoto			5	45201002		1						2102002	72000	1	
22	2	20	3	卜卜病号服通用表情3		housephoto			5	45201003		1						2102003	72000	1	
22	2	20	4	卜卜病号服通用表情4		housephoto			5	45201004		1						2102004	72000	1	
22	2	20	5	卜卜病号服通用表情5		housephoto			5	45201005		1						2102005	72000	1	
22	2	21	1	奈莉德病号服通用表情1		housephoto			5	45211001		1						2102101	72100	1	
22	2	21	2	奈莉德病号服通用表情2		housephoto			5	45211002		1						2102102	72100	1	
22	2	21	3	奈莉德病号服通用表情3		housephoto			5	45211003		1						2102103	72100	1	
22	2	21	4	奈莉德病号服通用表情4		housephoto			5	45211004		1						2102104	72100	1	
22	2	21	5	奈莉德病号服通用表情5		housephoto			5	45211005		1						2102105	72100	1	
22	2	22	1	克罗瑞娜病号服通用表情1		housephoto			5	45221001		1						2102201	72200	1	
22	2	22	2	克罗瑞娜病号服通用表情2		housephoto			5	45221002		1						2102202	72200	1	
22	2	22	3	克罗瑞娜病号服通用表情3		housephoto			5	45221003		1						2102203	72200	1	
22	2	22	4	克罗瑞娜病号服通用表情4		housephoto			5	45221004		1						2102204	72200	1	
22	2	22	5	克罗瑞娜病号服通用表情5		housephoto			5	45221005		1						2102205	72200	1	
22	2	23	1	米娅病号服通用表情1		housephoto			5	45231001		1						2102301	72300	1	
22	2	23	2	米娅病号服通用表情2		housephoto			5	45231002		1						2102302	72300	1	
22	2	23	3	米娅病号服通用表情3		housephoto			5	45231003		1						2102303	72300	1	
22	2	23	4	米娅病号服通用表情4		housephoto			5	45231004		1						2102304	72300	1	
22	2	23	5	米娅病号服通用表情5		housephoto			5	45231005		1						2102305	72300	1	
22	2	99	1	分析员通用表情1		housephoto			5	46000001		1						2109901	79901	1	
22	2	99	2	分析员通用表情2		housephoto			5	46000002		1						2109902	79901	1	
22	2	99	3	分析员通用表情3		housephoto			5	46000003		1						2109903	79901	1	
22	2	99	4	分析员通用表情4		housephoto			5	46000004		1						2109904	79901	1	
22	2	99	5	分析员通用表情5		housephoto			5	46000005		1						2109905	79901	1	
																					
																					
																					
22	3	1	1	拍立得通用场景1		housephoto			5	47001003		1						30001		1	
22	3	1	2	拍立得通用场景2		housephoto			5	47001001		1						30002		1	
22	3	1	3	拍立得通用场景3		housephoto			5	47001002		1						30003		1	
