道具大类	道具子类	道具ID	等级	//注释	武器分类	禁用道具	类名	名字key	稀有度（1=白，2=绿，3=蓝，4=紫，5=橙）	初始星数（初始突破次数=星数-1）	图标	使用方式，0不可使用，1自动，2手动  不填为0	是否可堆叠	是否可培养（1：可培养 0：不可培养）	技能升级	升星材料配置ID,与break.txt中配置ID对应	等级限制配置ID,与level_limit.txt中配置ID对应	突破次数限制配置ID,与break_level_limit.txt中配置ID对应	附加参数1	附加参数2	附加参数3	成长属性ID	外观ID	额外外观ID	界面是否有特殊武器蓝图（没有默认不配置，有配1，比如安卡的蓝图）	皮肤分类ID	武器默认技能(数组）	替换技能（skillfix）	提供经验值	消耗金币	进化消耗金币	武器配件插槽显示{1,1,1,1,1,1}(枪口,上导轨,枪托,供弹,下导轨,扳机，握把,瞄具，配重)	分解回收配置，对应recycle.txt中得ID列	奖励配件	GM投放	换弹tips文本	弹容tips文本	暴击伤害tips文本	射速tips文本	推荐角色的GDPL	可查看时间限制
Genre	Detail	Particular	Level	Comment	Class	Close	LuaType	I18n	Color	InitBreak	Icon	UseMode	CanStack	CanEnhance	EvolutionMatID	BreakMatID	LevelLimitID	BreakLimitID	Param1	Param2	Param3	GrowupID	AppearID	ExAppearIDs	SpecialWeaponBp	TypeID	DefaultSkillID	SkillFixID	ProvideExp	ConsumeGold	EvolutionGold	WeaponPartsLimit	RecycleID	WeaponPartsAward	GMnum	Reload_des	BulletNum_des	CriticalDamage_des	FireSpeed_des	SuggestCard	limitTime
2	1	255	1	友好邻里	1		weapon_card	weapon.gun1256	2	1	13110001			1	10001	2002	1006	1001				1256	11300			101	{2113001}		600	150	5000	{1,1,0,1,1,0,0,0,0}	12		1						
2	1	1	1	无声雷电	1		weapon_card	weapon.gun1001	3	1	13110001			1	10001	2002	1006	1001				1001	11301			101	{2113011}		1200	300	5000	{1,1,0,1,1,0,0,0,0}	8		1						
2	1	2	1	铸铁卫士	1		weapon_card	weapon.gun1002	3	1	13110002			1	10001	2002	1006	1001				1002	14301			101	{2143011}		1200	300	5000	{1,1,0,1,1,0,0,0,0}	8		1						
2	1	3	1	旧日叹息	1		weapon_card	weapon.gun1003	4	1	13110003			1	10002	2002	1006	1001				1003	14401			101	{2144011}		3000	750	10000	{1,1,0,1,1,0,0,0,0}	9	{6,5,23,1}	1						
2	1	4	1	黑旗鱼	1	1	weapon_card	weapon.gun1004	5	1	13110004			1	10003	2001	1006	1001				1004	14501			101	{2145011,2145012}		9000	2250	30000	{1,1,0,1,1,0,0,0,0}	10	{6,4,19,1}	1						
2	1	5	1	归来	1		weapon_card	weapon.gun1005	4	1	13110005			1	10002	2002	1006	1001				1005	14451			101	{2144511}		3000	750	10000	{1,1,0,1,1,0,0,0,0}	9	{6,2,20,1}	1						
2	1	6	1	偏头痛	1		weapon_card	weapon.gun1006	3	1	13110006			1	10001	2002	1006	1001				1006	12301			101	{2123011}		1200	300	5000	{1,1,0,1,1,0,0,0,0}	8		1						
2	1	7	1	黑衣拿破仑	1		weapon_card	weapon.gun1007	3	1	13110013			1	10001	2002	1006	1001				1007	13301			101	{2133011}		1200	300	5000	{1,1,0,1,1,0,0,0,0}	8		1						
2	1	8	1	安全线	1		weapon_card	weapon.gun1008	3	1	13110017			1	10001	2002	1006	1001				1008	11302			101	{2113021}		1200	300	5000	{1,1,0,1,1,0,0,0,0}	8		1						
2	1	9	1	电离水母	1		weapon_card	weapon.gun1009	4	1	13110007			1	10002	2002	1006	1001				1009	11401			101	{2114011}		3000	750	10000	{1,1,0,1,1,0,0,0,0}	9	{6,2,24,1}	1						
2	1	10	1	正在施工	1		weapon_card	weapon.gun1010	4	1	13110008			1	10002	2002	1006	1001				1010	11451			101	{2114511}		3000	750	10000	{1,1,0,1,1,0,0,0,0}	9	{6,4,25,1}	1						
2	1	11	1	北极狐	1		weapon_card	weapon.gun1011	4	1	13110009			1	10002	2002	1006	1001				1011	12401			101	{2124011}		3000	750	10000	{1,1,0,1,1,0,0,0,0}	9	{6,5,21,1}	1						
2	1	12	1	军舰鸟	1		weapon_card	weapon.gun1012	4	1	13110010			1	10002	2002	1006	1001				1012	12451			101	{2124511}		3000	750	10000	{1,1,0,1,1,0,0,0,0}	9	{6,1,27,1}	1						
2	1	13	1	次氯酸	1		weapon_card	weapon.gun1013	4	1	13110014			1	10002	2002	1006	1001				1013	13401			101	{2134011}		3000	750	10000	{1,1,0,1,1,0,0,0,0}	9	{6,4,61,1}	1						
2	1	14	1	浮浪	1		weapon_card	weapon.gun1014	4	1	13110015			1	10002	2002	1006	1001				1014	13451			101	{2134511}		3000	750	10000	{1,1,0,1,1,0,0,0,0}	9	{6,1,63,1}	1						
2	1	15	1	隧蜂	1	1	weapon_card	weapon.gun1015	4	1	13110018			1	10002	2002	1006	1001				1015	11402			101	{2114021}		3000	750	10000	{1,1,0,1,1,0,0,0,0}	9	{6,2,83,1}	1						
2	1	16	1	锈色幸运	1	1	weapon_card	weapon.gun1016	4	1	13110019			1	10002	2002	1006	1001				1016	11452			101	{2114521}		3000	750	10000	{1,1,0,1,1,0,0,0,0}	9	{6,5,84,1}	1						
2	1	17	1	星尘回忆	1		weapon_card	weapon.gun1017	5	1	13110011			1	10003	2001	1006	1001				1017	11501			101	{2115011,2115012,2115013}		9000	2250	30000	{1,1,0,1,1,0,0,0,0}	10	{6,5,26,1}	1					{1,2,2,1}	
2	1	18	1	百战老兵	1		weapon_card	weapon.gun1018	5	1	13110012			1	10003	2001	1006	1001				1018	12501			101	{2125011,2125012}		9000	2250	30000	{1,1,0,1,1,0,0,0,0}	10	{6,1,22,1}	1						
2	1	19	1	天鹅座之心	1	1	weapon_card	weapon.gun1019	5	1	13110016			1	10003	2001	1006	1001				1019	13501			101	{2135011,2135012}		9000	2250	30000	{1,1,0,1,1,0,0,0,0}	10	{6,5,62,1}	1						
2	1	20	1	秘密永恒	1	1	weapon_card	weapon.gun1020	5	1	13110020			1	10003	2001	1006	1001				1020	11502			101	{2115021,2115022}		9000	2250	30000	{1,1,0,1,1,0,0,0,0}	10	{6,2,85,1}	1						
2	1	21	1	中庭前线	1		weapon_card	weapon.gun1021	4	1	13110021			1	10002	2002	1006	1001				1021	12402			101	{2124021}		3000	750	10000	{1,1,0,1,1,0,0,0,0}	9	{6,1,86,1}	1						
2	1	22	1	卫兵	1		weapon_card	weapon.gun1022	4	1	13110022			1	10002	2002	1006	1001				1022	12403			101	{2124031}		3000	750	10000	{1,1,0,1,1,0,0,0,0}	9	{6,4,110,1}	1						
2	1	23	1	浅蓝触碰	1		weapon_card	weapon.gun1023	4	1	13110023			1	10002	2002	1006	1001				1023	14402			101	{2144021}		3000	750	10000	{1,1,0,1,1,0,0,0,0}	9	{6,1,119,1}	1						
2	1	24	1	阳光水纹	1		weapon_card	weapon.gun1024	4	1	13110024			1	10002	2002	1006	1001				1024	14403			101	{2144031}		3000	750	10000	{1,1,0,1,1,0,0,0,0}	9	{6,1,120,1}	1						
2	1	25	1	合金真理	1		weapon_card	weapon.gun1025	5	1	13110025			1	10003	2001	1006	1001				1025	13502			101	{2135021,2135022,2135023}		9000	2250	30000	{1,1,0,1,1,0,0,0,0}	10	{6,4,122,1}	1					{1,12,2,1}	
2	1	26	1	洁白之环	1		weapon_card	weapon.gun1026	4	1	13110026			1	10002	2002	1006	1001				1026	12404			101	{2124041}		3000	750	10000	{1,1,0,1,1,0,0,0,0}	9	{6,2,131,1}	1						
2	1	27	1	白夜别诗	1		weapon_card	weapon.gun1027	5	1	13110027			1	10003	2001	1006	1001				1027	12502			101	{2125021,2125022,2125023}		9000	2250	30000	{1,1,0,1,1,0,0,0,0}	10	{6,5,132,1}	1					{1,7,2,1}	
2	1	28	1	正法	1		weapon_card	weapon.gun1028	4	1	13110028			1	10002	2002	1006	1001				1028	11403			101	{2114031,2114032,2114033}		3000	750	10000	{1,1,0,1,1,0,0,0,0}	9	{6,1,166,1}	1						
2	1	29	1	星熔靛夜	1		weapon_card	weapon.gun1029	5	1	13110029			1	10003	2001	1006	1001				1029	11503			101	{2115031,2115032,2115033,2115034}		9000	2250	30000	{1,1,0,1,1,0,0,0,0}	10	{6,2,167,1}	1					{1,10,3,1}	
2	1	30	1	枯萎蔓延	1		weapon_card	weapon.gun1030	4	1	13110030			1	10002	2002	1006	1001				1030	13402			101	{2134021,2134022}		3000	750	10000	{1,1,0,1,1,0,0,0,0}	9	{6,4,188,1}	1						
2	1	31	1	瑰翼	1		weapon_card	weapon.gun1031	5	1	13110031			1	10003	2001	1006	1001				1031	13503			101	{2135031,2135032,2135033}		9000	2250	30000	{1,1,0,1,1,0,0,0,0}	10	{6,2,189,1}	1					{1,22,1,1}	
2	1	32	1	完美结构	1		weapon_card	weapon.gun1032	4	1	13110032			1	10002	2002	1006	1001				1032	14404			101	{2144041}		3000	750	10000	{1,1,0,1,1,0,0,0,0}	9	{6,1,190,1}	1						
2	1	33	1	净空炙星	1		weapon_card	weapon.gun1033	5	1	13110033			1	10003	2001	1006	1001				1033	14502			101	{2145021,2145022,2145023}		9000	2250	30000	{1,1,0,1,1,0,0,0,0}	10	{6,2,191,1}	1					{1,8,4,1}	
2	1	34	1	绶礼荣辉	1		weapon_card	weapon.gun1034	4	1	13110034			1	10002	2002	1006	1001				1034	12405			101	{2124051}		3000	750	10000	{1,1,0,1,1,0,0,0,0}	9	{6,5,209,1}	1						[202602121000]
2	1	35	1	棱光核心	1		weapon_card	weapon.gun1035	5	1	13110035			1	10003	2001	1006	1001				1035	12503			101	{2125031,2125032}		9000	2250	30000	{1,1,0,1,1,0,0,0,0}	10	{6,4,210,1}	1					{1,5,4,1}	[202602121000]
																																									
																																									
2	2	255	1	初勇者	1		weapon_card	weapon.gun2256	2	1	13210001			1	10001	2002	1006	1001				2256	21300			202	{2213001}		600	150	5000	{1,1,0,1,1,0,0,0,0}	12		1						
2	2	1	1	简易扳手	1		weapon_card	weapon.gun2001	3	1	13210001			1	10001	2002	1006	1001				2001	21301			202	{2213011}		1200	300	5000	{1,1,0,1,1,0,0,0,0}	8		1						
2	2	2	1	冬青木	1		weapon_card	weapon.gun2002	3	1	13210002			1	10001	2002	1006	1001				2002	21302			201	{2213021}		1200	300	5000	{1,1,0,1,1,0,0,0,0}	8		1						
2	2	3	1	深海呼唤	1		weapon_card	weapon.gun2003	4	1	13210003			1	10002	2002	1006	1001				2003	21402			201	{2214021}		3000	750	10000	{1,1,0,1,1,0,0,0,0}	9	{6,5,35,1}	1						
2	2	4	1	奥林匹斯	1		weapon_card	weapon.gun2004	5	1	13210004			1	10003	2001	1006	1001				2004	21502			201	{2215021,2215022}		9000	2250	30000	{1,1,0,1,1,0,0,0,0}	10	{6,2,28,1}	1						
2	2	5	1	喧哗现场	1		weapon_card	weapon.gun2005	4	1	13210005			1	10002	2002	1006	1001				2005	21401			202	{2214011}		3000	750	10000	{1,1,0,1,1,0,0,0,0}	9	{6,4,29,1}	1						
2	2	6	1	黄蜂	1		weapon_card	weapon.gun2006	4	1	13210006			1	10002	2002	1006	1001				2006	21451			202	{2214511,2214512}		3000	750	10000	{1,1,0,1,1,0,0,0,0}	9	{6,1,30,1}	1						
2	2	7	1	湖中女神	1		weapon_card	weapon.gun2007	3	1	13210007			1	10001	2002	1006	1001				2007	21303			202	{2213031}		1200	300	5000	{1,1,0,1,1,0,0,0,0}	8		1						
2	2	8	1	甜甜灵魂	1		weapon_card	weapon.gun2008	4	1	13210008			1	10002	2002	1006	1001				2008	21403			202	{2214031}		3000	750	10000	{1,1,0,1,1,0,0,0,0}	9	{6,5,32,1}	1						
2	2	9	1	现代文明	1	1	weapon_card	weapon.gun2009	4	1	13210009			1	10002	2002	1006	1001				2009	21453			202	{2214531}		3000	750	10000	{1,1,0,1,1,0,0,0,0}	9	{6,2,33,1}	1						
2	2	10	1	朗姆风暴	1		weapon_card	weapon.gun2010	3	1	13210010			1	10001	2002	1006	1001				2010	21304			201	{2213041}		1200	300	5000	{1,1,0,1,1,0,0,0,0}	8		1						
2	2	11	1	钢之白桦林	1		weapon_card	weapon.gun2011	3	1	13210014			1	10001	2002	1006	1001				2011	22301			202	{2223011}		1200	300	5000	{1,1,0,1,1,0,0,0,0}	8		1						
2	2	12	1	魅惑爪痕	1		weapon_card	weapon.gun2012	4	1	13210015			1	10002	2002	1006	1001				2012	21452			201	{2214521}		3000	750	10000	{1,1,0,1,1,0,0,0,0}	9	{6,4,67,1}	1						
2	2	13	1	湿地公园	1		weapon_card	weapon.gun2013	4	1	13210018			1	10002	2002	1006	1001				2013	21404			201	{2214041}		3000	750	10000	{1,1,0,1,1,0,0,0,0}	9	{6,5,88,1}	1						
2	2	14	1	红锈	1	1	weapon_card	weapon.gun2014	4	1	13210019			1	10002	2002	1006	1001				2014	21454			201	{2214541}		3000	750	10000	{1,1,0,1,1,0,0,0,0}	9	{6,1,89,1}	1						
2	2	15	1	炙热年代	1		weapon_card	weapon.gun2015	4	1	13210016			1	10002	2002	1006	1001				2015	22401			202	{2224011}		3000	750	10000	{1,1,0,1,1,0,0,0,0}	9	{6,1,65,1}	1						
2	2	16	1	迷乱迪斯科	1		weapon_card	weapon.gun2016	4	1	13210017			1	10002	2002	1006	1001				2016	22451			202	{2224511}		3000	750	10000	{1,1,0,1,1,0,0,0,0}	9	{6,2,66,1}	1						
2	2	17	1	虎鲸号角	1		weapon_card	weapon.gun2017	5	1	13210011			1	10003	2001	1006	1001				2017	21501			201	{2215011,2215012,2215013}		9000	2250	30000	{1,1,0,1,1,0,0,0,0}	10	{6,5,31,1}	1					{1,5,2,1}	
2	2	18	1	夹心巧克力	1		weapon_card	weapon.gun2018	5	1	13210012			1	10003	2001	1006	1001				2018	21503			202	{2215031,2215032}		9000	2250	30000	{1,1,0,1,1,0,0,0,0}	13	{6,4,34,1}	1						
2	2	19	1	太空骑手	1		weapon_card	weapon.gun2019	5	1	13210013			1	10003	2001	1006	1001				2019	21504			201	{2215041,2215042}		9000	2250	30000	{1,1,0,1,1,0,0,0,0}	10	{6,1,64,1}	1					{1,10,2,1}	
2	2	20	1	维京斧	1	1	weapon_card	weapon.gun2020	5	1	13210020			1	10003	2001	1006	1001				2020	22501			202	{2225011,2225012}		9000	2250	30000	{1,1,0,1,1,0,0,0,0}	10	{6,2,90,1}	1						
2	2	21	1	结晶凿	1		weapon_card	weapon.gun2021	4	1	13210021			1	10002	2002	1006	1001				2021	21405			202	{2214051}		3000	750	10000	{1,1,0,1,1,0,0,0,0}	9	{6,2,91,1}	1						
2	2	22	1	王牌怪诞	1		weapon_card	weapon.gun2022	5	1	13210022			1	10003	2001	1006	1001				2022	22502			202	{2225021,2225022}		9000	2250	30000	{1,1,0,1,1,0,0,0,0}	10	{6,4,124,1}	1					{1,17,1,1}	
2	2	23	1	梦幻捷径	1		weapon_card	weapon.gun2023	4	1	13210023			1	10002	2002	1006	1001				2023	22402			202	{2224021,2224022,2224023}		3000	750	10000	{1,1,0,1,1,0,0,0,0}	9	{6,4,158,1}	1						
2	2	24	1	极速烈闪	1		weapon_card	weapon.gun2024	5	1	13210024			1	10003	2001	1006	1001				2024	22503			202	{2225031,2225032,2225033}		9000	2250	30000	{1,1,0,1,1,0,0,0,0}	10	{6,5,157,1}	1					{1,4,3,1}	
2	2	25	1	嵌合	1		weapon_card	weapon.gun2025	4	1	13210025			1	10002	2002	1006	1001				2025	22403			201	{2224031}		3000	750	10000	{1,1,0,1,1,0,0,0,0}	9	{6,1,179,1}	1						
2	2	26	1	真实之空	1		weapon_card	weapon.gun2026	5	1	13210026			1	10003	2001	1006	1001				2026	22504			201	{2225041,2225042,2225043}		9000	2250	30000	{1,1,0,1,1,0,0,0,0}	10	{6,2,180,1}	1					{1,18,2,1}	
2	2	27	1	净空启迪	1		weapon_card	weapon.gun2027	5	1	13210027			1	10003	2001	1006	1001				2027	21505			202	{2225051,2225052}		9000	2250	30000	{1,1,0,1,1,0,0,0,0}		{6,1,204,1}	1					{1,12,3,1}	[202601011000]
2	2	28	1	3.7连狙SSR临时	1		weapon_card	weapon.gun2028	5	1	13220028			1	10003	2001	1006	1001				2027	22505			202	{2145011,2145012}		9000	2250	30000	{1,1,0,1,1,0,0,0,0}	10		1					{1,10,4,1}	
																																									
2	3	255	1	压路机	1		weapon_card	weapon.gun3256	2	1	13310001			1	10001	2002	1006	1001				3256	31300			301	{2313001}		600	150	5000	{1,1,0,0,1,0,0,0,0}	12		1						
2	3	1	1	有人在吗	1		weapon_card	weapon.gun3001	3	1	13310001			1	10001	2002	1006	1001				3001	31301			301	{2313011}		1200	300	5000	{1,1,0,0,1,0,0,0,0}	8		1						
2	3	2	1	无礼之辈	1		weapon_card	weapon.gun3002	3	1	13310002			1	10001	2002	1006	1001				3002	31302			301	{2313021}		1200	300	5000	{1,1,0,0,1,0,0,0,0}	8		1						
2	3	3	1	瓦尔基里2056	1		weapon_card	weapon.gun3003	4	1	13310003			1	10002	2002	1006	1001				3003	31402			301	{2314021}		3000	750	10000	{1,1,0,0,1,0,0,0,0}	9	{6,1,38,1}	1						
2	3	4	1	小粮食	1		weapon_card	weapon.gun3004	5	1	13310004			1	10003	2001	1006	1001				3004	31502			301	{2315021,2315022}		9000	2250	30000	{1,1,0,0,1,0,0,0,0}	10	{6,1,36,1}	1						
2	3	5	1	龙涎香	1		weapon_card	weapon.gun3005	4	1	13310005			1	10002	2002	1006	1001				3005	31452			301	{2314521}		3000	750	10000	{1,1,0,0,1,0,0,0,0}	9	{6,5,37,1}	1						
2	3	6	1	群鸟仇人	2		weapon_card	weapon.gun3006	3	1	13310009			1	10001	2002	1006	1001				3006	32301			302	{2323011}		1200	300	5000	{1,1,0,0,1,0,0,0,0}	8		1						
2	3	7	1	沉默的真相	1		weapon_card	weapon.gun3007	3	1	13310010			1	10001	2002	1006	1001				3007	32302			301	{2323021}		1200	300	5000	{1,1,0,0,1,0,0,0,0}	8		1						
2	3	8	1	马尔贝克	1		weapon_card	weapon.gun3008	3	1	13310021			1	10001	2002	1006	1001				3008	32303			301	{2323031}		1200	300	5000	{1,1,0,0,1,0,0,0,0}	8		1						
2	3	9	1	青金石	1		weapon_card	weapon.gun3009	4	1	13310006			1	10002	2002	1006	1001				3009	31401			301	{2314011}		3000	750	10000	{1,1,0,0,1,0,0,0,0}	9	{6,2,39,1}	1						
2	3	10	1	绿色卫士	1	1	weapon_card	weapon.gun3010	4	1	13310007			1	10002	2002	1006	1001				3010	31451			301	{2314511}		3000	750	10000	{1,1,0,0,1,0,0,0,0}	9	{6,2,40,1}	1						
2	3	11	1	机械警官	2		weapon_card	weapon.gun3011	4	1	13310011			1	10002	2002	1006	1001				3011	32401			302	{2324011}		3000	750	10000	{1,1,0,0,1,0,0,0,0}	9	{6,2,68,1}	1						
2	3	12	1	霓虹灯管	1		weapon_card	weapon.gun3012	4	1	13310012			1	10002	2002	1006	1001				3012	32451			301	{2324511}		3000	750	10000	{1,1,0,0,1,0,0,0,0}	9	{6,5,69,1}	1						
2	3	13	1	不协和音	1		weapon_card	weapon.gun3013	4	1	13310013			1	10002	2002	1006	1001				3013	32402			301	{2324021}		3000	750	10000	{1,1,0,0,1,0,0,0,0}	9	{6,5,71,1}	1						
2	3	14	1	大宝贝儿	1		weapon_card	weapon.gun3014	4	1	13310014			1	10002	2002	1006	1001				3014	32452			301	{2324521}		3000	750	10000	{1,1,0,0,1,0,0,0,0}	9	{6,5,72,1}	1						
2	3	15	1	岩蟒	1		weapon_card	weapon.gun3015	4	1	13310017			1	10002	2002	1006	1001				3015	32403			301	{2324031,2324032}		3000	750	10000	{1,1,0,0,1,0,0,0,0}	9	{6,2,92,1}	1						
2	3	16	1	冰原	1	1	weapon_card	weapon.gun3016	4	1	13310018			1	10002	2002	1006	1001				3016	32453			301	{2324531}		3000	750	10000	{1,1,0,0,1,0,0,0,0}	9	{6,5,93,1}	1						
2	3	17	1	太阳酬金	1		weapon_card	weapon.gun3017	5	1	13310008			1	10003	2001	1006	1001				3017	31501			301	{2315011,2315012}		9000	2250	30000	{1,1,0,0,1,0,0,0,0}	10	{6,2,41,1}	1					{1,8,2,1}	
2	3	18	1	红夜行	1	1	weapon_card	weapon.gun3018	5	1	13310015			1	10003	2001	1006	1001				3018	32501			301	{2325011,2325012}		9000	2250	30000	{1,1,0,0,1,0,0,0,0}	10	{6,5,70,1}	1						
2	3	19	1	送葬者	1	1	weapon_card	weapon.gun3019	5	1	13310016			1	10003	2001	1006	1001				3019	32502			301	{2325021,2325022}		9000	2250	30000	{1,1,0,0,1,0,0,0,0}	10	{6,1,73,1}	1						
2	3	20	1	紫花地丁	1	1	weapon_card	weapon.gun3020	5	1	13310019			1	10003	2001	1006	1001				3020	32503			301	{2325031,2325032}		9000	2250	30000	{1,1,0,0,1,0,0,0,0}	10	{6,5,94,1}	1						
2	3	21	1	全体警戒	1		weapon_card	weapon.gun3021	4	1	13310020			1	10002	2002	1006	1001				3021	31403			301	{2314031}		3000	750	10000	{1,1,0,0,1,0,0,0,0}	9	{6,1,95,1}	1						
2	3	22	1	正在播出	1		weapon_card	weapon.gun3022	4	1	13310022			1	10002	2002	1006	1001				3022	31404			301	{2314041}		3000	750	10000	{1,1,0,0,1,0,0,0,0}	9	{6,1,111,1}	1						
2	3	23	1	海洋童子军	1		weapon_card	weapon.gun3023	4	1	13310023			1	10002	2002	1006	1001				3023	31405			301	{2314051}		3000	750	10000	{1,1,0,0,1,0,0,0,0}	9	{6,1,112,1}	1						
2	3	24	1	镭射风虎	1		weapon_card	weapon.gun3024	5	1	13310024			1	10003	2001	1006	1001				3024	31503			301	{2315031,2315032,2315033,2315034}		9000	2250	30000	{1,1,0,0,1,0,0,0,0}	10	{6,5,128,1}	1					{1,16,1,1}	
2	3	25	1	圣甲	1		weapon_card	weapon.gun3025	4	1	13310025			1	10002	2002	1006	1001				3025	32404			301	{2324041}		3000	750	10000	{1,1,0,0,1,0,0,0,0}	9	{6,1,137,1}	1						
2	3	26	1	王权连枷	1		weapon_card	weapon.gun3026	5	1	13310026			1	10003	2001	1006	1001				3026	32504			301	{2325041,2325042,2325043}		9000	2250	30000	{1,1,0,0,1,0,0,0,0}	10	{6,2,136,1}	1					{1,13,2,1}	
2	3	27	1	晶棱	1		weapon_card	weapon.gun3027	4	1	13310027			1	10002	2002	1006	1001				3027	31406			301	{2314061,2314062}		3000	750	10000	{1,1,0,0,1,0,0,0,0}	9	{6,5,153,1}	1						
2	3	28	1	深渊幽灵	1		weapon_card	weapon.gun3028	5	1	13310028			1	10003	2001	1006	1001				3028	31504			301	{2315041,2315042,2315043,2315044,2315045}		9000	2250	30000	{1,1,0,0,1,0,0,0,0}	10	{6,1,152,1}	1					{1,5,3,1}	
2	3	29	1	沼泽之主	1		weapon_card	weapon.gun3029	4	1	13310029			1	10002	2002	1006	1001				3029	31407			301	{2314071}		3000	750	10000	{1,1,0,0,1,0,0,0,0}	9	{6,5,171,1}	1						
2	3	30	1	紫棘	1		weapon_card	weapon.gun3030	5	1	13310030			1	10003	2001	1006	1001				3030	31505			301	{2315051,2315052}		9000	2250	30000	{1,1,0,0,1,0,0,0,0}	10	{6,1,172,1}	1					{1,11,3,1}	
2	3	31	1	悠古节拍	1		weapon_card	weapon.gun3031	5	1	13310031			1	10003	2001	1006	1001				3031	31506			301	{2315061,2315062,2315064}	{210301001}	9000	2250	30000	{1,1,0,0,1,0,0,0,0}		{6,5,175,1}	1					{1,3,2,1}	
2	3	32	1	爆裂甜蜜	1		weapon_card	weapon.gun3032	4	1	13310032			1	10002	2002	1006	1001				3032	31408			301	{2314081,2314082}		3000	750	10000	{1,1,0,0,1,0,0,0,0}	9	{6,2,198,1}	1						
2	3	33	1	织心秘语	1		weapon_card	weapon.gun3033	5	1	13310033			1	10003	2001	1006	1001				3033	31507			301	{2315071,2315072,2315073,2315074,2315075}		9000	2250	30000	{1,1,0,0,1,0,0,0,0}	10	{6,1,199,1}	1					{1,23,1,1}	
																																									
2	4	255	1	倔强老者	1		weapon_card	weapon.gun4256	2	1	13410001			1	10001	2002	1006	1001				4256	41300			401	{2413001}		600	150	5000	{1,1,0,1,1,0,0,0,0}	12		1						
2	4	1	1	锤击	1		weapon_card	weapon.gun4001	3	1	13410001			1	10001	2002	1006	1001				4001	41301			401	{2413011}		1200	300	5000	{1,1,0,1,1,0,0,0,0}	8		1						
2	4	2	1	烂橘子	1		weapon_card	weapon.gun4002	4	1	13410002			1	10002	2002	1006	1001				4002	41401			401	{2414011}		3000	750	10000	{1,1,0,1,1,0,0,0,0}	9	{6,5,42,1}	1						
2	4	3	1	星辰大海	1		weapon_card	weapon.gun4003	5	1	13410003			1	10003	2001	1006	1001				4003	41501			401	{2415011,2415012}		9000	2250	30000	{1,1,0,1,1,0,0,0,0}	10	{6,4,43,1}	1						
2	4	4	1	小小工具	1		weapon_card	weapon.gun4004	4	1	13410004			1	10002	2002	1006	1001				4004	41451			401	{2414511}		3000	750	10000	{1,1,0,1,1,0,0,0,0}	9	{6,4,47,1}	1						
2	4	5	1	泥雪	1		weapon_card	weapon.gun4005	3	1	13410009			1	10001	2002	1006	1001				4005	41302			401	{2413021}		1200	300	5000	{1,1,0,1,1,0,0,0,0}	8		1						
2	4	6	1	皮斯科	2		weapon_card	weapon.gun4006	3	1	13410005			1	10001	2002	1006	1001				4006	42302			402	{2423021}		1200	300	5000	{1,1,0,1,1,0,0,0,0}	8		1						
2	4	7	1	天空墙	2		weapon_card	weapon.gun4007	3	1	13410010			1	10001	2002	1006	1001				4007	42303			402	{2423031}		1200	300	5000	{1,1,0,1,1,0,0,0,0}	8		1						
2	4	8	1	半根火炬	2		weapon_card	weapon.gun4008	3	1	13410017			1	10001	2002	1006	1001				4008	42301			402	{2423011}		1200	300	5000	{1,1,0,1,1,0,0,0,0}	8		1						
2	4	9	1	关键点	1		weapon_card	weapon.gun4009	4	1	13410011			1	10002	2002	1006	1001				4009	41402			401	{2414021}		3000	750	10000	{1,1,0,1,1,0,0,0,0}	9	{6,1,74,1}	1						
2	4	10	1	彩虹打火机	1		weapon_card	weapon.gun4010	4	1	13410012			1	10002	2002	1006	1001				4010	41452			401	{2414521}		3000	750	10000	{1,1,0,1,1,0,0,0,0}	9	{6,2,75,1}	1						
2	4	11	1	野蜂尾针	2		weapon_card	weapon.gun4011	4	1	13410006			1	10002	2002	1006	1001				4011	42402			402	{2424021}		3000	750	10000	{1,1,0,1,1,0,0,0,0}	9	{6,1,44,1}	1						
2	4	12	1	幸运时刻	2		weapon_card	weapon.gun4012	4	1	13410007			1	10002	2002	1006	1001				4012	42452			402	{2424521}		3000	750	10000	{1,1,0,1,1,0,0,0,0}	9	{6,2,45,1}	1						
2	4	13	1	斯巴达	2	1	weapon_card	weapon.gun4013	4	1	13410013			1	10002	2002	1006	1001				4013	42403			402	{2424031}		3000	750	10000	{1,1,0,1,1,0,0,0,0}	9	{6,4,76,1}	1						
2	4	14	1	胜天半子	2	1	weapon_card	weapon.gun4014	4	1	13410014			1	10002	2002	1006	1001				4014	42453			402	{2424531}		3000	750	10000	{1,1,0,1,1,0,0,0,0}	9	{6,5,77,1}	1						
2	4	15	1	是！是！船长！	2		weapon_card	weapon.gun4015	4	1	13410018			1	10002	2002	1006	1001				4015	42401			402	{2424011}		3000	750	10000	{1,1,0,1,1,0,0,0,0}	9	{6,2,97,1}	1						
2	4	16	1	野性装修	2		weapon_card	weapon.gun4016	4	1	13410019			1	10002	2002	1006	1001				4016	42451			402	{2424511}		3000	750	10000	{1,1,0,1,1,0,0,0,0}	9	{6,1,98,1}	1						
2	4	17	1	玛萨拉酒	2	1	weapon_card	weapon.gun4017	5	1	13410008			1	10003	2001	1006	1001				4017	42502			402	{2425021,2425022}		9000	2250	30000	{1,1,0,1,1,0,0,0,0}	10	{6,5,46,1}	1						
2	4	18	1	松林极光	1		weapon_card	weapon.gun4018	5	1	13410015			1	10003	2001	1006	1001				4018	41502			401	{2415021,2415022,2415023}		9000	2250	30000	{1,1,0,1,1,0,0,0,0}	10	{6,1,78,1}	1					{1,1,2,1}	
2	4	19	1	荒野微笑	2	1	weapon_card	weapon.gun4019	5	1	13410016			1	10003	2001	1006	1001				4019	42503			402	{2425031,2425032}		9000	2250	30000	{1,1,0,1,1,0,0,0,0}	10	{6,2,79,1}	1						
2	4	20	1	普赛克16	2		weapon_card	weapon.gun4020	5	1	13410020			1	10003	2001	1006	1001				4020	42501			402	{2425011,2425012,2425013}		9000	2250	30000	{1,1,0,1,1,0,0,0,0}	10	{6,5,99,1}	1					{1,6,2,1}	
2	4	21	1	用心棒	1		weapon_card	weapon.gun4021	4	1	13410021			1	10002	2002	1006	1001				4021	41403			401	{2414031}		3000	750	10000	{1,1,0,1,1,0,0,0,0}	9	{6,4,100,1}	1						
2	4	22	1	青麦饮料	2		weapon_card	weapon.gun4022	4	1	13410022			1	10002	2002	1006	1001				4022	42405			402	{2424051}		3000	750	10000	{1,1,0,1,1,0,0,0,0}	9	{6,5,113,1}	1						
2	4	23	1	街头丛林	2		weapon_card	weapon.gun4023	4	1	13410023			1	10002	2002	1006	1001				4023	42407			402	{2424071}		3000	750	10000	{1,1,0,1,1,0,0,0,0}	9	{6,5,115,1}	1						
2	4	24	1	铅雨	1	1	weapon_card	weapon.gun4024	5	1	13410024			1	10003	2001	1006	1001				4024	41503			401	{2424071}		9000	2250	30000	{1,1,0,1,1,0,0,0,0}	10	{6,2,101,1}	1						
2	4	25	1	玫瑰之荣	2		weapon_card	weapon.gun4025	4	1	13410025			1	10002	2002	1006	1001				4025	42409			402	{2424091}		3000	750	10000	{1,1,0,1,1,0,0,0,0}	9	{6,1,134,1}	1						
2	4	26	1	渊光	2		weapon_card	weapon.gun4026	5	1	13410026			1	10003	2001	1006	1001				4026	42504			402	{2425041}		9000	2250	30000	{1,1,0,1,1,0,0,0,0}	10	{6,5,135,1}	1					{1,11,2,1}	
2	4	27	1	澄叶	2		weapon_card	weapon.gun4027	4	1	13410027			1	10002	2002	1006	1001				4027	42410			402	{2424101,2424102,2424103}		3000	750	10000	{1,1,0,1,1,0,0,0,0}	9	{6,2,147,1}	1						
2	4	28	1	抓拍胜机	2		weapon_card	weapon.gun4028	5	1	13410028			1	10003	2001	1006	1001				4028	42505			402	{2425051,2425052,2425053}		9000	2250	30000	{1,1,0,1,1,0,0,0,0}	10	{6,1,148,1}	1					{1,18,1,1}	
2	4	29	1	晚梅	2		weapon_card	weapon.gun4029	4	1	13410029			1	10002	2002	1006	1001				4029	42411			402	{2424111,2424112,2424113,2424114}		3000	750	10000	{1,1,0,1,1,0,0,0,0}	9	{6,4,160,1}	1						
2	4	30	1	流焰融金	2		weapon_card	weapon.gun4030	5	1	13410030			1	10003	2001	1006	1001				4030	42506			402	{2425061,2425062,2425063,2425064,2425066}		9000	2250	30000	{1,1,0,1,1,0,0,0,0}	10	{6,5,161,1}	1					{1,20,1,1}	
2	4	31	1	远古螺旋	1		weapon_card	weapon.gun4031	4	1	13410031			1	10002	2002	1006	1001				4031	41404			401	{2414041,2414042}		3000	750	10000	{1,1,0,1,1,0,0,0,0}	9	{6,4,192,1}	1						
2	4	32	1	跃洋斑鳍	1		weapon_card	weapon.gun4032	5	1	13410032			1	10003	2001	1006	1001				4032	41504			401	{2415041,2415042,2415043,2415044,2415045}		9000	2250	30000	{1,1,0,1,1,0,0,0,0}	10	{6,2,193,1}	1					{1,13,3,1}	
2	4	33	1	磁流效应	2		weapon_card	weapon.gun4033	5	1	13410033			1	10003	2001	1006	1001				4033	42507			402	{2425071}		9000	2250	30000	{1,1,0,1,1,0,0,0,0}		{6,1,212,1}	1					{1,4,4,1}	[202605221000]
																																									
2	5	255	1	地基	1		weapon_card	weapon.gun5256	2	1	13510001			1	10001	2002	1006	1001				5256	51300			501	{2513001}		600	150	5000	{1,1,0,1,1,0,0,0,0}	12		1						
2	5	1	1	教训	1		weapon_card	weapon.gun5001	3	1	13510001			1	10001	2002	1006	1001				5001	51301			501	{2513011}		1200	300	5000	{1,1,0,1,1,0,0,0,0}	8		1						
2	5	2	1	怒不可遏	1		weapon_card	weapon.gun5002	4	1	13510002			1	10002	2002	1006	1001				5002	51401			501	{2514011}		3000	750	10000	{1,1,0,1,1,0,0,0,0}	9	{6,2,52,1}	1						
2	5	3	1	审判前夜	1		weapon_card	weapon.gun5003	5	1	13510003			1	10003	2001	1006	1001				5003	51501			501	{2515011,2515012,2515013}		9000	2250	30000	{1,1,0,1,1,0,0,0,0}	10	{6,5,48,1}	1						
2	5	4	1	灰狗	1		weapon_card	weapon.gun5004	3	1	13510004			1	10001	2002	1006	1001				5004	52301			501	{2523011}		1200	300	5000	{1,1,0,1,1,0,0,0,0}	8		1						
2	5	5	1	冰冷沙丘	1		weapon_card	weapon.gun5005	3	1	13510005			1	10001	2002	1006	1001				5005	51304			501	{2513041}		1200	300	5000	{1,1,0,1,1,0,0,0,0}	8		1						
2	5	6	1	草莓蛋糕	1		weapon_card	weapon.gun5006	4	1	13510006			1	10002	2002	1006	1001				5006	51404			501	{2514041}		3000	750	10000	{1,1,0,1,1,0,0,0,0}	9	{6,4,49,1}	1						
2	5	7	1	楼道怪猫	1		weapon_card	weapon.gun5007	4	1	13510007			1	10002	2002	1006	1001				5007	51454			501	{2514541}		3000	750	10000	{1,1,0,1,1,0,0,0,0}	9	{6,1,50,1}	1						
2	5	8	1	绝缘体	1		weapon_card	weapon.gun5008	3	1	13510013			1	10001	2002	1006	1001				5008	51303			501	{2513031}		1200	300	5000	{1,1,0,1,1,0,0,0,0}	8		1						
2	5	9	1	重锤	1		weapon_card	weapon.gun5009	3	1	13510017			1	10001	2002	1006	1001				5009	52302			501	{2523021}		1200	300	5000	{1,1,0,1,1,0,0,0,0}	8		1						
2	5	10	1	荒野微笑	1		weapon_card	weapon.gun5010	4	1	13510012			1	10002	2002	1006	1001				5010	51451			501	{2514511,2514512}		3000	750	10000	{1,1,0,1,1,0,0,0,0}	9	{6,5,53,1}	1						
2	5	11	1	小黄鸭	1		weapon_card	weapon.gun5011	4	1	13510014			1	10002	2002	1006	1001				5011	51403			501	{2514031}		3000	750	10000	{1,1,0,1,1,0,0,0,0}	9	{6,5,80,1}	1						
2	5	12	1	腐肉便利店	1		weapon_card	weapon.gun5012	4	1	13510015			1	10002	2002	1006	1001				5012	51453			501	{2514531}		3000	750	10000	{1,1,0,1,1,0,0,0,0}	9	{6,1,81,1}	1						
2	5	13	1	热带洋流	1	1	weapon_card	weapon.gun5013	4	1	13510008			1	10002	2002	1006	1001				5013	52401			501	{2524011}		3000	750	10000	{1,1,0,1,1,0,0,0,0}	9	{6,2,54,1}	1						
2	5	14	1	9700	1	1	weapon_card	weapon.gun5014	4	1	13510009			1	10002	2002	1006	1001				5014	52451			501	{2524511}		3000	750	10000	{1,1,0,1,1,0,0,0,0}	9	{6,4,55,1}	1						
2	5	15	1	舒适圈	1		weapon_card	weapon.gun5015	4	1	13510018			1	10002	2002	1006	1001				5015	52402			501	{2524021}		3000	750	10000	{1,1,0,1,1,0,0,0,0}	9	{6,2,103,1}	1						
2	5	16	1	指示剂	1		weapon_card	weapon.gun5016	4	1	13510019			1	10002	2002	1006	1001				5016	52452			501	{2524521}		3000	750	10000	{1,1,0,1,1,0,0,0,0}	9	{6,1,104,1}	1						
2	5	17	1	一块广告牌	1	1	weapon_card	weapon.gun5017	5	1	13510016			1	10003	2001	1006	1001				5017	51503			501	{2515031,2515032}		9000	2250	30000	{1,1,0,1,1,0,0,0,0}	10	{6,4,82,1}	1						
2	5	18	1	动脉音律	1	1	weapon_card	weapon.gun5018	5	1	13510010			1	10003	2001	1006	1001				5018	51504			501	{2515041,2515042}		9000	2250	30000	{1,1,0,1,1,0,0,0,0}	10	{6,1,51,1}	1						
2	5	19	1	熔岩骨骼	1		weapon_card	weapon.gun5019	5	1	13510011			1	10003	2001	1006	1001				5019	52501			501	{2525011,2525012}		9000	2250	30000	{1,1,0,1,1,0,0,0,0}	10	{6,2,56,1}	1					{1,4,2,1}	
2	5	20	1	纯黑花名册	1	1	weapon_card	weapon.gun5020	5	1	13510020			1	10003	2001	1006	1001				5020	52502			501	{2525021,2525022}		9000	2250	30000	{1,1,0,1,1,0,0,0,0}	10	{6,4,105,1}	1						
2	5	21	1	灰垒	1		weapon_card	weapon.gun5021	4	1	13510021			1	10002	2002	1006	1001				5021	51405			501	{2514051}		3000	750	10000	{1,1,0,1,1,0,0,0,0}	9	{6,5,106,1}	1						
2	5	22	1	朱书断邪	1		weapon_card	weapon.gun5022	5	1	13510022			1	10003	2001	1006	1001				5022	51506			501	{2515061,2515062}		9000	2250	30000	{1,1,0,1,1,0,0,0,0}	10	{6,2,117,1}	1					{1,14,2,1}	
2	5	23	1	像素时代	1		weapon_card	weapon.gun5023	4	1	13510023			1	10002	2002	1006	1001				5023	51406			501	{2514061}		3000	750	10000	{1,1,0,1,1,0,0,0,0}	9	{6,4,140,1}	1						
2	5	24	1	捕心先锋	1		weapon_card	weapon.gun5024	5	1	13510024			1	10003	2001	1006	1001				5024	51507			501	{2515071,2515072}		9000	2250	30000	{1,1,0,1,1,0,0,0,0}	10	{6,5,141,1}	1					{1,8,3,1}	
2	5	25	1	龙卷风	1		weapon_card	weapon.gun5025	4	1	13510025			1	10002	2002	1006	1001				5025	51407			501	{2514071}		3000	750	10000	{1,1,0,1,1,0,0,0,0}	9	{6,5,155,1}	1						
2	5	26	1	晴海星埃	1		weapon_card	weapon.gun5026	5	1	13510026			1	10003	2001	1006	1001				5026	51508			501	{2515081,2515082,2515083}		9000	2250	30000	{1,1,0,1,1,0,0,0,0}	10	{6,1,154,1}	1					{1,15,2,1}	
2	5	27	1	蛛网	1		weapon_card	weapon.gun5027	4	1	13510027			1	10002	2002	1006	1001				5027	51408			501	{2514081}		3000	750	10000	{1,1,0,1,1,0,0,0,0}	9	{6,4,176,1}	1						
2	5	28	1	夕潮	1		weapon_card	weapon.gun5028	5	1	13510028			1	10003	2001	1006	1001				5028	51509			501	{2515091,2515092}		9000	2250	30000	{1,1,0,1,1,0,0,0,0}	10	{6,2,177,1}	1					{1,21,1,1}	
2	5	29	1	稳固色彩	1		weapon_card	weapon.gun5029	4	1	13510029			1	10002	2002	1006	1001				5029	51409			501	{2514091,2514092}		3000	750	10000	{1,1,0,1,1,0,0,0,0}	9	{6,1,185,1}	1						
2	5	30	1	坚者之心	1		weapon_card	weapon.gun5030	5	1	13510030			1	10003	2001	1006	1001				5030	51510			501	{2515101}		9000	2250	30000	{1,1,0,1,1,0,0,0,0}	10	{6,5,186,1}	1					{1,17,2,1}	
2	5	31	1	鸣雷戒律	1		weapon_card	weapon.gun5031	5	1	13510031			1	10003	2001	1006	1001				5031	51511			501	{2515111,2515112}		9000	2250	30000	{1,1,0,1,1,0,0,0,0}		{6,4,200,1}	1					{1,6,3,1}	
																																									
2	6	255	1	抵抗能力	1		weapon_card	weapon.gun6256	2	1	13610001			1	10001	2002	1006	1001				{6255,62551}	61300			601	{2613001,2600006,2600007}		600	150	5000	{1,1,0,1,0,0,0,0,0}	12		1	attribute.CrossbowReload1	attribute.CrossbowBulletNum1	attribute.CrossbowCriticalDamage1			
2	6	1	1	伯班克的天空	1		weapon_card	weapon.gun6001	3	1	13610001			1	10001	2002	1006	1001				{6001,60011}	61301			601	{2613011,2600006,2600007}		1200	300	5000	{1,1,0,1,0,0,0,0,0}	8		1	attribute.CrossbowReload1	attribute.CrossbowBulletNum1	attribute.CrossbowCriticalDamage1			
2	6	2	1	龙胆	1		weapon_card	weapon.gun6002	4	1	13610002			1	10002	2002	1006	1001				{6002,60021}	61401			601	{2614011,2614012,2614013,2600006,2600007}		3000	750	10000	{1,1,0,1,0,0,0,0,0}	9	{6,2,127,1}	1	attribute.CrossbowReload1	attribute.CrossbowBulletNum1	attribute.CrossbowCriticalDamage1			
2	6	3	1	把风	1	1	weapon_card	weapon.gun6003	4	1	13610003			1	10002	2002	1006	1001				{6003,60031}	61402			601	{2513001,2600006,2600007}		3000	750	10000	{1,1,0,1,0,0,0,0,0}	9		1	attribute.CrossbowReload1	attribute.CrossbowBulletNum1	attribute.CrossbowCriticalDamage1			
2	6	4	1	海王星	1		weapon_card	weapon.gun6004	5	1	13610004			1	10003	2001	1006	1001				{6004,60041}	61501			601	{2615011,2615012,2615013,2615014,2600006,2600007}		9000	2250	30000	{1,1,0,1,0,0,0,0,0}	10	{6,1,126,1}	1	attribute.CrossbowReload1	attribute.CrossbowBulletNum1	attribute.CrossbowCriticalDamage1		{1,15,1,1}	
																																									
2	7	255	1	最优解	1		weapon_card	weapon.gun7256	2	1	13710001			1	10001	2002	1006	1001				7255	71300	71350		701	{2713001}		600	150	5000	{1,0,0,0,1,1,0,0,0}	12		1						
2	7	1	1	通用公式	1		weapon_card	weapon.gun7001	3	1	13710002			1	10001	2002	1006	1001				7001	71301	71351		701	{2713011}		1200	300	5000	{1,0,0,0,1,1,0,0,0}	8		1						
2	7	2	1	轮转辉光	1		weapon_card	weapon.gun7002	4	1	13710003			1	10002	2002	1006	1001				7002	71401	71451		701	{2714011,2714012}		3000	750	10000	{1,0,0,0,1,1,0,0,0}	9	{6,5,144,1}	1						
2	7	3	1	九夜之冕	1		weapon_card	weapon.gun7003	5	1	13710004			1	10003	2001	1006	1001				7003	71501	71551		701	{2715011,2715012,2715013,2715014}		9000	2250	30000	{1,0,0,0,1,1,0,0,0}	10	{6,6,145,1}	1					{1,2,3,1}	
2	7	4	1	松纸剪影	1		weapon_card	weapon.gun7004	4	1	13710005			1	10002	2002	1006	1001				7004	71402	71452		701	{2714021,2714022}		3000	750	10000	{1,0,0,0,1,1,0,0,0}	9	{6,1,201,1}	1						
2	7	5	1	薪烛明痕	1		weapon_card	weapon.gun7005	5	1	13710006			1	10003	2001	1006	1001				7005	71502	71552		701	{2715021,2715022,2715023,2715024,2715025}		9000	2250	30000	{1,0,0,0,1,1,0,0,0}	10	{6,5,202,1}	1					{1,20,2,1}	
2	7	6	1	一线春	1		weapon_card	weapon.gun7006	4	1	13710007			1	10002	2002	1006	1001				7006	71403	71453		701	{2714031,2714032,2714033}		3000	750	10000	{1,0,0,0,1,1,0,0,0}	9	{6,6,214,1}	1						
2	7	7	1	朱映金霓	1		weapon_card	weapon.gun7007	5	1	13710008			1	10003	2001	1006	1001				7007	71503	71553		701	{2715031,2715032,2715033}		9000	2250	30000	{1,0,0,0,1,1,0,0,0}	10	{6,5,215,1}	1					{1,24,1,1}	
																																									
2	8	255	1	梅梢	1		weapon_card	weapon.gun8256	2	1	13810255			1	10001	2002	1006	1001				8255	81300			801	{2813001}		600	150	5000	{0,0,0,0,0,0,1,1,1}	12		1				attribute.BowFireSpeed		
2	8	1	1	战训	1		weapon_card	weapon.gun8001	3	1	13810001			1	10001	2002	1006	1001				8001	81301			801	{2813011}		1200	300	5000	{0,0,0,0,0,0,1,1,1}	8		1				attribute.BowFireSpeed		
2	8	2	1	暗巷英雄	1		weapon_card	weapon.gun8002	4	1	13810002			1	10002	2002	1006	1001				8002	81401			801	{2814011}		3000	750	10000	{0,0,0,0,0,0,1,1,1}	9	{6,8,168,1}	1				attribute.BowFireSpeed		
2	8	3	1	茜羽破空	1		weapon_card	weapon.gun8003	5	1	13810003			1	10003	2001	1006	1001				8003	81501			801	{2815011,2815012,2815013,2815014}		9000	2250	30000	{0,0,0,0,0,0,1,1,1}	10	{6,7,169,1}	1				attribute.BowFireSpeed	{1,14,3,1}	
																																									
2	9	255	1	泡泡机	1		weapon_card	weapon.gun9255	2	1	13910255			1	10001	2002	1006	1001				9255	91300			901	{2913001,2900001}		600	150	5000	{0,0,0,1,1,0,1,0,0}	12		1				attribute.MaGunFireSpeed		
2	9	1	1	视觉威慑	1		weapon_card	weapon.gun9001	3	1	13910001			1	10001	2002	1006	1001				9001	91301			901	{2913011,2900001}		1200	300	5000	{0,0,0,1,1,0,1,0,0}	8		1				attribute.MaGunFireSpeed		
2	9	2	1	无限之日	1		weapon_card	weapon.gun9002	4	1	13910002			1	10002	2002	1006	1001				9002	91401			901	{2914011,2914012,2914013,2900001}		3000	750	10000	{0,0,0,1,1,0,1,0,0}	9	{6,7,183,1}	1				attribute.MaGunFireSpeed		
2	9	3	1	速旋青雨	1		weapon_card	weapon.gun9003	5	1	13910003			1	10003	2001	1006	1001				9003	91501			901	{2915011,2915012,2915013,2915014,2900001}		9000	2250	30000	{0,0,0,1,1,0,1,0,0}	10	{6,5,184,1}	1				attribute.MaGunFireSpeed	{1,15,3,1}	
																																									
2	10	255	1	极锋	1		weapon_card	weapon.gun10255	2	1	13120255			1	10001	2002	1006	1001				{10255,102551}	101300		1	1001	{2103001,2010001,2010002,2010003}		600	150	5000	{0,0,0,1,0,0,1,0,0}	12		1			attribute.FlySwordCriticalDamage1	attribute.FlySwordFireSpeed		
2	10	1	1	重锐	1		weapon_card	weapon.gun10001	3	1	13120001			1	10001	2002	1006	1001				{10001,100011}	101301		1	1001	{2103011,2010001,2010002,2010003}		1200	300	5000	{0,0,0,1,0,0,1,0,0}	8		1			attribute.FlySwordCriticalDamage1	attribute.FlySwordFireSpeed		
2	10	2	1	铁戒之刃	1		weapon_card	weapon.gun10002	4	1	13120002			1	10002	2002	1006	1001				{10002,100021}	101401		1	1001	{2104011,2104012,2010001,2010002,2010003}		3000	750	10000	{0,0,0,1,0,0,1,0,0}	9	{6,7,206,1}	1			attribute.FlySwordCriticalDamage1	attribute.FlySwordFireSpeed		
2	10	3	1	星渊月刃	1		weapon_card	weapon.gun10003	5	1	13120003			1	10003	2001	1006	1001				{10003,100031}	101501		1	1001	{2105011,2105012,2010001,2010002,2010003}		9000	2250	30000	{0,0,0,1,0,0,1,0,0}	10	{6,4,207,1}	1			attribute.FlySwordCriticalDamage1	attribute.FlySwordFireSpeed	{1,1,3,1}	
																																									
2	11	255	1	3.7矛N临时	1		weapon_card	weapon.gun11255	2	1	131110255			1	10001	2002	1006	1001				4028	111300			1101	{2145011,2145012}		600	150	5000	{1,0,0,0,0,0,0,0,1}	12		1						
2	11	1	1	3.7矛R临时	1		weapon_card	weapon.gun11001	3	1	131110001			1	10001	2002	1006	1001				4028	111301			1101	{2145011,2145012}		1200	300	5000	{1,0,0,0,0,0,0,0,1}	8		1						
2	11	2	1	3.7矛SR临时	1		weapon_card	weapon.gun11002	4	1	131110002			1	10002	2002	1006	1001				4028	111401			1101	{2145011,2145012}		3000	750	10000	{1,0,0,0,0,0,0,0,1}	9	{6,1,219,1}	1						
2	11	3	1	3.7矛SSR临时	1		weapon_card	weapon.gun11003	5	1	131110003			1	10003	2001	1006	1001				4028	111501			1101	{2145011,2145012}		9000	2250	30000	{1,0,0,0,0,0,0,0,1}	10	{6,9,220,1}	1					{1,2,4,1}	
