活动Id	累签天数	重点标记	颜色	奖励	提示信息	额外参数	额外参数
ActivityId	DayId	Special	Color	SignReward	Notice	Param1	Param2
2	1			{{2,1,3,1,1},{4,2,1,3,1}}			
2	2	2	#9C4315FF	{{1,5,2,1,1},{4,2,1,3,1}}			
2	3			{{5,21,2,4,1},{4,2,1,3,1}}			
2	4			{{5,9,1,2,2},{4,2,1,3,1}}			
2	5			{{5,5,1,4,5},{4,2,1,3,1}}			
2	6			{{5,21,2,4,1},{4,2,1,3,1}}			
2	7	2	#9C4315FF	{{2,2,4,1,1},{4,2,1,3,1}}			
2	8			{{5,21,1,4,1},{4,2,1,3,1}}			
7	1			{{5,1,1,2,5}}			
7	2			{{5,21,1,4,2}}			
7	3			{{5,21,1,4,2}}			
7	4	1		{{4,2,1,3,2}}			
7	5			{{5,21,1,4,2}}			
7	6			{{4,2,1,3,2}}			
7	7			{{1,10,1,1,1}}	activity.character10	1602091	
9	1			{{5,21,1,4,10}}			
9	2			{{1,5,2,1,1}}			
9	3			{{2,2,4,1,1}}			
9	4			{{1,4,1,1,1}}			
9	5			{{1,6,1,1,1}}			
9	6			{{2,4,3,1,1}}			
9	7	2	#9C4315FF	{{1,10,1,1,1},{2,1,30,1,1}}	ui.TxtNewSign14Tips		
9	8			{{2,1,4,1,1}}			
9	9			{{1,7,1,1,1}}			
9	10			{{2,3,4,1,1}}			
9	11			{{1,10,1,1,1}}			
9	12			{{1,5,1,1,1}}			
9	13			{{1,71,1,1,1}}			
9	14	2	#9C4315FF	{{1,10,2,1,1},{2,1,30,1,1}}	ui.TxtNewSign14Tips2		
13	1			{{5,21,1,5,1}}			
13	2			{{5,21,1,5,1}}			
13	3	1		{{5,21,1,5,2}}			
13	4			{{5,21,1,5,1}}			
13	5			{{5,21,1,5,1}}			
13	6			{{5,21,1,5,1}}			
13	7	2		{{5,21,1,5,3}}			
15	1			{{5,1,1,2,5}}			
15	2			{{5,21,1,4,2}}			
15	3			{{5,21,1,4,2}}			
15	4	1		{{4,2,1,3,2}}			
15	5			{{5,21,1,4,2}}			
15	6			{{4,2,1,3,2}}			
15	7			{{1,10,1,1,1}}	activity.character10	1602091	1602031
15	8			{{5,21,1,4,5}}			
15	9			{{5,21,2,4,5}}			
15	10			{{5,21,1,4,10}}			
15	11			{{5,21,2,4,10}}			
15	12			{{5,21,1,4,10}}			
15	13			{{5,21,2,4,10}}			
15	14			{{1,4,1,1,1}}	activity.character12	1602092	
17	1			{{5,1,1,2,10}}			
17	2			{{5,21,1,4,2}}			
17	3			{{5,21,1,4,2}}			
17	4			{{4,2,1,6,2}}			
17	5			{{5,21,1,4,2}}			
17	6			{{4,2,1,6,2}}			
17	7			{{1,10,1,1,1}}	activity.character10	1602102	1602031
17	8			{{4,2,1,6,2}}			
17	9			{{5,4,10,1,10}}			
17	10			{{5,21,1,4,2}}			
17	11			{{5,4,10,1,20}}			
17	12			{{5,21,1,4,2}}			
17	13			{{5,4,10,1,30}}			
17	14			{{7,10,1,2,1}}	activity.character11	1602101	1602030
38	1			{{5,21,1,5,1}}			
38	2			{{5,21,1,5,1}}			
38	3	1		{{5,21,1,5,2}}			
38	4			{{5,21,1,5,1}}			
38	5			{{5,21,1,5,1}}			
38	6			{{5,21,1,5,1}}			
38	7	2		{{5,21,1,5,3}}		1602190	
42	1			{{5,21,1,5,1}}			
42	2			{{5,21,1,5,1}}			
42	3	1		{{5,21,1,5,2}}			
42	4			{{5,21,1,5,1}}			
42	5			{{5,21,1,5,1}}			
42	6			{{5,21,1,5,1}}			
42	7	2		{{5,21,1,5,3}}		1602184	
61	1			{{5,21,1,5,1}}			
61	2			{{5,21,1,5,1}}			
61	3	1		{{5,21,1,5,2}}			
61	4			{{5,21,1,5,1}}			
61	5			{{5,21,1,5,1}}			
61	6			{{5,21,1,5,1}}			
61	7	2		{{5,21,1,5,3}}		1602223	
69	1			{{9,2,28,1,1}}			
69	2	1		{{5,21,2,4,1}}			
69	3			{{4,2,1,4,1}}			
69	4	1		{{5,21,2,4,1}}			
69	5			{{4,2,1,4,1}}			
69	6	1		{{5,21,2,4,3}}			
69	7	2		{{10,1,13,1,1}}		1602233	
80	1			{{5,21,1,5,1}}			
80	2			{{5,21,1,5,1}}			
80	3	1		{{5,21,1,5,2}}			
80	4			{{5,21,1,5,1}}			
80	5			{{5,21,1,5,1}}			
80	6			{{5,21,1,5,1}}			
80	7	2		{{5,21,1,5,3}}		1602249	
81	1	2		{{9,2,30,1,1}}			
81	2			{{5,21,2,5,1}}			
81	3	1		{{4,5,18,3,1}}			
81	4			{{5,21,2,5,1}}			
81	5	1		{{4,5,18,3,1}}			
81	6			{{5,21,2,5,1}}			
81	7	2		{{15,1,1,1,1}}		1602230	
88	1			{{5,21,1,5,1}}			
88	2			{{5,21,1,5,1}}			
88	3	1		{{5,21,1,5,2}}			
88	4			{{5,21,1,5,1}}			
88	5			{{5,21,1,5,1}}			
88	6			{{5,21,1,5,1}}			
88	7	2		{{5,21,1,5,3}}		1602291	
108	1			{{5,21,1,5,1}}			
108	2			{{5,21,1,5,1}}			
108	3	1		{{5,21,1,5,2}}			
108	4			{{5,21,1,5,1}}			
108	5			{{5,21,1,5,1}}			
108	6			{{5,21,1,5,1}}			
108	7	2		{{5,21,1,5,3}}		1602341	
112	1			{{5,21,2,5,1}}			
112	2			{{5,21,2,5,1}}			
112	3	1		{{5,21,2,5,2}}			
112	4			{{5,21,2,5,1}}			
112	5			{{5,21,2,5,1}}			
112	6			{{5,21,2,5,1}}			
112	7	2		{{5,21,2,5,3}}		1602362	
120	1			{{5,21,1,5,1}}			
120	2			{{5,21,1,5,1}}			
120	3	1		{{5,21,1,5,2}}			
120	4			{{5,21,1,5,1}}			
120	5			{{5,21,1,5,1}}			
120	6			{{5,21,1,5,1}}			
120	7	2		{{5,21,1,5,3}}		1602349	
148	1	2		{{7,2,1,3,1}}			
148	2	1		{{5,21,1,5,2}}			
148	3	1		{{5,21,1,5,2}}			
148	4			{{5,21,1,5,1}}			
148	5			{{5,21,1,5,1}}			
148	6			{{5,21,1,5,1}}			
148	7	2		{{5,21,1,5,3}}		1602389	
150	1			{{5,21,2,5,1}}			
150	2			{{5,21,2,5,1}}			
150	3	1		{{5,21,2,5,2}}			
150	4			{{5,21,2,5,1}}			
150	5			{{5,21,2,5,1}}			
150	6			{{5,21,2,5,1}}			
150	7	2		{{5,21,2,5,3}}		1602424	
164	1			{{5,21,1,5,1}}			
164	2			{{5,21,1,5,1}}			
164	3	1		{{5,21,1,5,2}}			
164	4			{{5,21,1,5,1}}			
164	5			{{5,21,1,5,1}}			
164	6			{{5,21,1,5,1}}			
164	7	2		{{5,21,1,5,3}}		1602428	
171	1			{{5,21,1,5,1}}			
171	2			{{5,21,1,5,1}}			
171	3	1		{{5,21,1,5,2}}			
171	4			{{5,21,1,5,1}}			
171	5			{{5,21,1,5,1}}			
171	6			{{5,21,1,5,1}}			
171	7	2		{{5,21,1,5,3}}		1602484	
172	1			{{5,21,2,5,1}}			
172	2			{{5,21,2,5,1}}			
172	3	1		{{5,21,2,5,2}}			
172	4			{{5,21,2,5,1}}			
172	5			{{5,21,2,5,1}}			
172	6			{{5,21,2,5,1}}			
172	7	2		{{5,21,2,5,3}}		1602487	
189	1			{{5,21,1,5,1}}			
189	2			{{5,21,1,5,1}}			
189	3	1		{{5,21,1,5,2}}			
189	4			{{5,21,1,5,1}}			
189	5			{{5,21,1,5,1}}			
189	6			{{5,21,1,5,1}}			
189	7	2		{{5,21,1,5,3}}		1602531	
203	1			{{5,21,1,5,1}}			
203	2			{{5,21,1,5,1}}			
203	3	1		{{5,21,1,5,2}}			
203	4			{{5,21,1,5,1}}			
203	5			{{5,21,1,5,1}}			
203	6			{{5,21,1,5,1}}			
203	7	2		{{5,21,1,5,3}}		1602572	
233	1	2		{{7,8,1,5,1}}			
233	2	1		{{5,21,1,5,2}}			
233	3	1		{{5,21,1,5,2}}			
233	4			{{5,21,1,5,1}}			
233	5			{{5,21,1,5,1}}			
233	6			{{5,21,1,5,1}}			
233	7	2		{{5,21,1,5,3}}		1602616	
234	1			{{5,21,2,5,1}}			
234	2			{{5,21,2,5,1}}			
234	3	1		{{5,21,2,5,2}}			
234	4			{{5,21,2,5,1}}			
234	5			{{5,21,2,5,1}}			
234	6			{{5,21,2,5,1}}			
234	7	2		{{5,21,2,5,3}}		1602618	
252	1			{{5,21,1,5,1}}			
252	2			{{5,21,1,5,1}}			
252	3	1		{{5,21,1,5,2}}			
252	4			{{5,21,1,5,1}}			
252	5			{{5,21,1,5,1}}			
252	6			{{5,21,1,5,1}}			
252	7	2		{{5,21,1,5,3}}		1602664	
282	1			{{5,21,1,5,1}}			
282	2			{{5,21,1,5,1}}			
282	3	1		{{5,21,1,5,2}}			
282	4			{{5,21,1,5,1}}			
282	5			{{5,21,1,5,1}}			
282	6			{{5,21,1,5,1}}			
282	7	2		{{5,21,1,5,3}}		1602717	
289	1			{{5,21,1,5,1}}			
289	2			{{5,21,1,5,1}}			
289	3	1		{{5,21,1,5,2}}			
289	4			{{5,21,1,5,1}}			
289	5			{{5,21,1,5,1}}			
289	6			{{5,21,1,5,1}}			
289	7	2		{{5,21,1,5,3}}		1602768	
328	1	2		{{7,4,1,6,1}}			
328	2	1		{{5,21,1,5,2}}			
328	3	1		{{5,21,1,5,2}}			
328	4			{{5,21,1,5,1}}			
328	5			{{5,21,1,5,1}}			
328	6			{{5,21,1,5,1}}			
328	7	2		{{5,21,1,5,3}}		1602804	
329	1			{{5,21,2,5,1}}			
329	2			{{5,21,2,5,1}}			
329	3	1		{{5,21,2,5,2}}			
329	4			{{5,21,2,5,1}}			
329	5			{{5,21,2,5,1}}			
329	6			{{5,21,2,5,1}}			
329	7	2		{{5,21,2,5,3}}		1602807	
350	1			{{5,21,1,5,1}}			
350	2			{{5,21,1,5,1}}			
350	3	1		{{5,21,1,5,2}}			
350	4			{{5,21,1,5,1}}			
350	5			{{5,21,1,5,1}}			
350	6			{{5,21,1,5,1}}			
350	7	2		{{5,21,1,5,3}}		1602839	
383	1			{{4,5,13,1,1}}			1
383	2			{{4,5,13,2,1}}			1
383	3			{{5,21,1,4,10}}			
383	4			{{5,21,1,4,10}}			
383	5			{{5,21,1,4,10}}			
383	6			{{5,21,1,4,10}}			
383	7			{{7,10,1,2,1}}			1
384	1	2		{{7,1,1,2,1}}			
384	2	1		{{5,21,1,5,2}}			
384	3	1		{{5,21,1,5,2}}			
384	4			{{5,21,1,5,1}}			
384	5			{{5,21,1,5,1}}			
384	6			{{5,21,1,5,1}}			
384	7	2		{{5,21,1,5,3}}		1602878	
385	1			{{5,21,2,5,1}}			
385	2			{{5,21,2,5,1}}			
385	3	1		{{5,21,2,5,2}}			
385	4			{{5,21,2,5,1}}			
385	5			{{5,21,2,5,1}}			
385	6			{{5,21,2,5,1}}			
385	7	2		{{5,21,2,5,3}}		1602881	
392	1			{{5,21,1,5,1}}			
392	2			{{5,21,1,5,1}}			
392	3	1		{{5,21,1,5,2}}			
392	4			{{5,21,1,5,1}}			
392	5			{{5,21,1,5,1}}			
392	6			{{5,21,1,5,1}}			
392	7	2		{{5,21,1,5,3}}		1602950	
406	1			{{5,21,1,5,1}}			
406	2			{{5,21,1,5,1}}			
406	3	1		{{5,21,1,5,2}}			
406	4			{{5,21,1,5,1}}			
406	5			{{5,21,1,5,1}}			
406	6			{{5,21,1,5,1}}			
406	7	2		{{5,21,1,5,3}}		1603072	
558	1	2		{{7,10,1,4,1}}			
558	2	1		{{5,21,1,5,2}}			
558	3	1		{{5,21,1,5,2}}			
558	4			{{5,21,1,5,1}}			
558	5			{{5,21,1,5,1}}			
558	6			{{5,21,1,5,1}}			
558	7	2		{{5,21,1,5,3}}		1603144	
559	1			{{5,21,2,5,1}}			
559	2			{{5,21,2,5,1}}			
559	3	1		{{5,21,2,5,2}}			
559	4			{{5,21,2,5,1}}			
559	5			{{5,21,2,5,1}}			
559	6			{{5,21,2,5,1}}			
559	7	2		{{5,21,2,5,3}}		1603143	
603	1			{{5,21,1,5,1}}			
603	2			{{5,21,1,5,1}}			
603	3	1		{{5,21,1,5,2}}			
603	4			{{5,21,1,5,1}}			
603	5			{{5,21,1,5,1}}			
603	6			{{5,21,1,5,1}}			
603	7	2		{{5,21,1,5,3}}		1603190	
618	1	2		{{4,14,1,1,1}}			
618	2			{{5,21,1,5,1}}			
618	3	2		{{7,12,1,4,1}}			
618	4			{{5,21,1,5,1}}			
618	5	1		{{5,21,1,5,2}}			
618	6	2		{{5,21,1,5,2}}			
618	7	2		{{5,21,1,5,4}}		1603246	
