BufferID	描述备注	类型备注	强度备注	价格	第1波概率	第2波概率	第3波概率	第4波概率	第5波概率	第6波概率	第7波概率	第8波概率	第9波概率	第10波概率	第11波概率	第12波概率
BufferID	DesComment	TypeComment	RarityComment	Price	probability1	probability2	probability3	probability4	probability5	probability6	probability7	probability8	probability9	probability10	probability11	probability12
4000	红色祖玛加分1	红色祖玛的基础得分+10	1	0	100	100	50	0	0	0	0	0	0	0	0	0
4001	红色祖玛加分2	红色祖玛的基础得分+20	2	0	50	100	100	0	100	0	0	0	0	0	0	0
4002	红色祖玛加分3	红色祖玛的基础得分+30	3	0	0	0	50	0	100	100	0	0	0	0	0	0
4003	红色祖玛加分4	红色祖玛的基础得分+2倍	1	0	100	100	50	0	0	0	0	0	0	0	0	0
4004	红色祖玛加分5	红色祖玛的基础得分+4倍	2	0	50	100	100	0	100	0	0	0	0	0	0	0
4005	红色祖玛加分6	红色祖玛的基础得分+6倍	3	0	0	0	50	0	100	100	0	0	0	0	0	0
4006	红色祖玛加分7	红色祖玛的基础得分*2倍	2	0	50	100	100	0	100	0	0	0	0	0	0	0
4007	红色祖玛加分8	红色祖玛的基础得分*3倍	3	0	0	50	50	0	100	100	0	0	0	0	0	0
4008	红色祖玛加分9	红色祖玛的基础得分*4倍	4	0	0	0	0	0	50	200	0	0	0	0	0	0
4009	蓝色祖玛加分1	蓝色祖玛的基础得分+10	1	0	100	100	50	0	0	0	0	0	0	0	0	0
4010	蓝色祖玛加分2	蓝色祖玛的基础得分+20	2	0	50	100	100	0	100	0	0	0	0	0	0	0
4011	蓝色祖玛加分3	蓝色祖玛的基础得分+30	3	0	0	0	50	0	100	100	0	0	0	0	0	0
4012	蓝色祖玛加分4	蓝色祖玛的基础得分+2倍	1	0	100	100	50	0	0	0	0	0	0	0	0	0
4013	蓝色祖玛加分5	蓝色祖玛的基础得分+4倍	2	0	50	100	100	0	100	0	0	0	0	0	0	0
4014	蓝色祖玛加分6	蓝色祖玛的基础得分+6倍	3	0	0	0	50	0	100	100	0	0	0	0	0	0
4015	蓝色祖玛加分7	蓝色祖玛的基础得分*2倍	2	0	50	100	100	0	100	0	0	0	0	0	0	0
4016	蓝色祖玛加分8	蓝色祖玛的基础得分*3倍	3	0	0	50	50	0	100	100	0	0	0	0	0	0
4017	蓝色祖玛加分9	蓝色祖玛的基础得分*4倍	4	0	0	0	0	0	50	200	0	0	0	0	0	0
4018	绿色祖玛加分1	绿色祖玛的基础得分+10	1	0	100	100	50	0	0	0	0	0	0	0	0	0
4019	绿色祖玛加分2	绿色祖玛的基础得分+20	2	0	50	100	100	0	100	0	0	0	0	0	0	0
4020	绿色祖玛加分3	绿色祖玛的基础得分+30	3	0	0	0	50	0	100	100	0	0	0	0	0	0
4021	绿色祖玛加分4	绿色祖玛的基础得分+2倍	1	0	100	100	50	0	0	0	0	0	0	0	0	0
4022	绿色祖玛加分5	绿色祖玛的基础得分+4倍	2	0	50	100	100	0	100	0	0	0	0	0	0	0
4023	绿色祖玛加分6	绿色祖玛的基础得分+6倍	3	0	0	0	50	0	100	100	0	0	0	0	0	0
4024	绿色祖玛加分7	绿色祖玛的基础得分*2倍	2	0	50	100	100	0	100	0	0	0	0	0	0	0
4025	绿色祖玛加分8	绿色祖玛的基础得分*3倍	3	0	0	50	50	0	100	100	0	0	0	0	0	0
4026	绿色祖玛加分9	绿色祖玛的基础得分*4倍	4	0	0	0	0	0	50	200	0	0	0	0	0	0
4027	黄色祖玛加分1	黄色祖玛的基础得分+10	1	0	100	100	50	0	0	0	0	0	0	0	0	0
4028	黄色祖玛加分2	黄色祖玛的基础得分+20	2	0	50	100	100	0	100	0	0	0	0	0	0	0
4029	黄色祖玛加分3	黄色祖玛的基础得分+30	3	0	0	0	50	0	100	100	0	0	0	0	0	0
4030	黄色祖玛加分4	黄色祖玛的基础得分+2倍	1	0	100	100	50	0	0	0	0	0	0	0	0	0
4031	黄色祖玛加分5	黄色祖玛的基础得分+4倍	2	0	50	100	100	0	100	0	0	0	0	0	0	0
4032	黄色祖玛加分6	黄色祖玛的基础得分+6倍	3	0	0	0	50	0	100	100	0	0	0	0	0	0
4033	黄色祖玛加分7	黄色祖玛的基础得分*2倍	2	0	50	100	100	0	100	0	0	0	0	0	0	0
4034	黄色祖玛加分8	黄色祖玛的基础得分*3倍	3	0	0	50	50	0	100	100	0	0	0	0	0	0
4035	黄色祖玛加分9	黄色祖玛的基础得分*4倍	4	0	0	0	0	0	50	200	0	0	0	0	0	0
4036	三消加分1	完成连续三消时，积分增加30	1	0	100	100	50	0	0	0	0	0	0	0	0	0
4037	三消加分2	完成连续三消时，积分增加60	2	0	50	100	100	0	100	0	0	0	0	0	0	0
4038	三消加分3	完成连续三消时，积分增加90	3	0	0	0	50	0	100	100	0	0	0	0	0	0
4039	击败加分1	消灭单个祖玛获得的积分增加10，连续消灭单个祖玛可累计	2	0	100	100	100	0	0	0	0	0	0	0	0	0
4040	击败加分2	消灭单个祖玛获得的积分增加20，连续消灭单个祖玛可累计	3	0	0	50	50	0	100	50	0	0	0	0	0	0
4041	击败加分3	消灭单个祖玛获得的积分增加30，连续消灭单个祖玛可累计	4	0	0	0	0	0	100	100	0	0	0	0	0	0
4042	红色击败1	连续消灭红色的祖玛积分增加20	2	0	100	100	100	0	0	0	0	0	0	0	0	0
4043	红色击败2	连续消灭红色的祖玛积分增加40	3	0	0	50	50	0	100	50	0	0	0	0	0	0
4044	红色击败3	连续消灭红色的祖玛积分增加60	4	0	0	0	0	0	100	100	0	0	0	0	0	0
4045	绿色击败1	连续消灭绿色的祖玛积分增加20	2	0	100	100	100	0	0	0	0	0	0	0	0	0
4046	绿色击败2	连续消灭绿色的祖玛积分增加40	3	0	0	50	50	0	100	100	0	0	0	0	0	0
4047	绿色击败3	连续消灭绿色的祖玛积分增加60	4	0	0	0	0	0	100	100	0	0	0	0	0	0
4048	蓝色击败1	连续消灭蓝色的祖玛积分增加20	2	0	100	100	100	0	0	0	0	0	0	0	0	0
4049	蓝色击败2	连续消灭蓝色的祖玛积分增加40	3	0	0	50	50	0	100	100	0	0	0	0	0	0
4050	蓝色击败3	连续消灭蓝色的祖玛积分增加60	4	0	0	0	0	0	100	100	0	0	0	0	0	0
4051	黄色击败1	连续消灭黄色的祖玛积分增加20	2	0	100	100	100	0	0	0	0	0	0	0	0	0
4052	黄色击败2	连续消灭黄色的祖玛积分增加40	3	0	0	50	50	0	100	50	0	0	0	0	0	0
4053	黄色击败3	连续消灭黄色的祖玛积分增加60	4	0	0	0	0	0	100	100	0	0	0	0	0	0
4054	特殊加分1	特殊祖玛积分加成100	2	0	100	100	100	0	0	0	0	0	0	0	0	0
4055	特殊加分2	特殊祖玛积分加成200	3	0	0	50	50	0	100	50	0	0	0	0	0	0
4056	特殊加分3	特殊祖玛积分加成400	4	0	0	0	0	0	100	100	0	0	0	0	0	0
4057	简单消除	消除时同色祖玛需要数量-1	4	0	0	0	0	100	0	0	0	0	0	0	0	0
4058	复杂消除	消除时同色祖玛需要数量+1，积分*2	4	0	0	0	0	100	0	0	0	0	0	0	0	0
4059	意外奖励	完成连续消除时，会生成一个特殊祖玛，并且特殊祖玛的分数+100	4	0	0	0	0	100	0	0	0	0	0	0	0	0
4060	红色万能	使红色祖玛视为其他所有颜色	4	0	0	0	0	100	0	0	0	0	0	0	0	0
4061	蓝色万能	使蓝色祖玛视为其他所有颜色	4	0	0	0	0	100	0	0	0	0	0	0	0	0
4062	绿色万能	使绿色祖玛视为其他所有颜色	4	0	0	0	0	100	0	0	0	0	0	0	0	0
4063	黄色万能	使黄色祖玛视为其他所有颜色	4	0	0	0	0	100	0	0	0	0	0	0	0	0
4064	红黄	黄色祖玛与黄色祖玛视为同一种颜色	4	0	0	0	0	100	0	0	0	0	0	0	10	0
4065	蓝绿	蓝色祖玛与绿色祖玛视为同一种颜色	4	0	0	0	0	100	0	0	0	0	0	0	10	0
																
4110	特殊加分1	特殊祖玛积分得分+100	3	0	0	0	0	0	0	0	0	100	0	0	0	0
4101	爆炸祖玛消除数量+1		3	0	0	0	0	0	0	0	0	100	0	0	0	0
4102	双倍祖玛持续时间+2		3	0	0	0	0	0	0	0	0	100	0	0	0	0
4103	连击补充子弹		3	0	0	0	0	0	0	0	100	0	0	0	0	0
4104	连击提高射速		3	0	0	0	0	0	0	0	100	0	0	0	0	0
4105	连击提高下一发子弹伤害		3	0	0	0	0	0	0	0	100	0	0	0	0	0
4106	连击后根据消除数量补充子弹		3	0	0	0	0	0	0	0	0	0	100	0	0	0
4107	连击后根据消除数量提高射速		3	0	0	0	0	0	0	0	0	0	100	0	0	0
4108	连击后根据消除数量提高一段时间攻击力		3	0	0	0	0	0	0	0	0	0	100	0	0	0
4109	三消加分1	完成连续三消时，积分增加300	3	0	0	0	0	0	0	0	0	0	0	100	0	0
4111	简单消除	消除时同色祖玛需要数量-1	3	0	0	0	0	0	0	0	0	0	0	100	0	0
4112	复杂消除	消除时同色祖玛需要数量+1，积分*2	3	0	0	0	0	0	0	0	0	0	0	100	0	0
4100	意外奖励	完成连续消除时，会生成一个特殊祖玛，并且特殊祖玛的分数+100	4	0	0	0	0	0	0	0	0	0	0	0	999	0
																
5000	所有祖玛基础分+20	所有祖玛的基础得分+10	3	0	0	0	0	0	0	0	0	100	0	0	0	0
5001	意外奖励	完成连续消除时，会生成一个特殊祖玛	3	0	0	0	0	0	0	0	0	100	0	0	0	0
5002	所有祖玛基础分+20	所有祖玛的基础得分+10	3	0	0	0	0	0	0	0	0	100	0	0	0	0
5003	红黄	黄色祖玛与黄色祖玛视为同一种颜色	3	0	0	0	0	0	0	0	100	0	0	0	0	0
5004	红色万能	使红色祖玛视为其他所有颜色	3	0	0	0	0	0	0	0	100	0	0	0	0	0
5005	三消加分1	完成连续三消时，积分增加100	3	0	0	0	0	0	0	0	100	0	0	0	0	0
5006	爆炸祖玛消除数量+1	爆炸祖玛消除数量+1	3	0	0	0	0	0	0	0	0	0	100	0	0	0
5007	三消加分1	完成连续三消时，积分增加100	3	0	0	0	0	0	0	0	0	0	100	0	0	0
5008	复杂消除	消除时同色祖玛需要数量+1，积分*2	3	0	0	0	0	0	0	0	0	0	100	0	0	0
5009	简单消除	消除时同色祖玛需要数量-1	3	0	0	0	0	0	0	0	0	0	0	100	0	0
5010	特殊加分1	特殊祖玛积分得分+100	3	0	0	0	0	0	0	0	0	0	0	100	0	0
5011	双倍祖玛持续时间+2	双倍祖玛持续时间+2	3	0	0	0	0	0	0	0	0	0	0	100	0	0
5012	特殊加分1	特殊祖玛积分得分+100	4	0	0	0	0	0	0	0	0	0	0	0	999	0
5013	蓝绿	蓝色祖玛与绿色祖玛视为同一种颜色	3	0	0	0	0	0	0	0	0	100	0	0	0	0
5014	蓝色万能	使蓝色祖玛视为其他所有颜色	3	0	0	0	0	0	0	0	0	100	0	0	0	0
5030		每次获得的机枪子弹增加10%	3	0	0	0	0	0	0	0	100	0	0	0	0	0
5031		祖玛连击时，有10%概率补充10颗子弹（可受到BUFF加成）	3	0	0	0	0	0	0	0	100	0	0	0	0	0
5032		每次获得的机枪子弹增加15%	3	0	0	0	0	0	0	0	100	0	0	0	0	0
5034		机枪杀死祖玛时有15%概率生成特殊祖玛	3	0	0	0	0	0	0	0	0	0	100	0	0	0
5036		为场景中添加电网，经过的祖玛每秒造成X%伤害	3	0	0	0	0	0	0	0	0	0	100	0	0	0
5039		机枪杀死祖玛时有15%概率触发爆炸，对左右1个祖玛造成类爆炸祖玛的作用	3	0	0	0	0	0	0	0	0	0	100	0	0	0
5044		机枪杀死祖玛时有20%概率补充10颗子弹（可受到BUFF加成）	3	0	0	0	0	0	0	0	0	0	0	100	0	0
5016		连击后根据消除数量补充子弹（复用）	4	0	0	0	0	0	0	0	0	0	0	0	999	0
5021		连击后根据消除数量提高一段时间攻击力（复用）	3	0	0	0	0	0	0	0	0	0	100	0	0	0
5026		连击后根据消除数量提高射速（复用）	4	0	0	0	0	0	0	0	0	0	100	0	0	0
