ID	//备注	定义（11=后勤 12=角色 13=武器 14=武器配件 15=道具）	Logo	大图200*200	道具130*130	货币50*50	礼包400*400
ID	Comment	Define	Logo	P2	P3	P10	P14
1510001	战斗记录1	15		110001200	110001201	110001202	
1510002	战斗记录2	15		110001300	110001301	110001302	
1510003	战斗记录3	15		110001400	110001401	110001402	
1510004	战斗记录4	15		110001500	110001501	110001502	
1510005	强化套件1	15		110002700	110002701	110002702	
1510006	强化套件2	15		110002800	110002801	110002802	
1510007	强化套件3	15		110002900	110002901	110002902	
1510008	强化套件4	15		110003000	110003001	110003002	
1510009	职级认证甲	15		110004800	110004801	110004802	
1510010	职级认证乙	15		110004900	110004901	110004902	
1510011	职级认证丙	15		110005000	110005001	110005002	
1510012	职级认证丁	15		110005100	110005101	110005102	
1510013	碎片	15		110002300	110002301	110002302	
1510014	合成颗粒	15		110003100	110003101	110003102	
1510015	芳烃塑料	15		110003200	110003201	110003202	
1510016	单极纤维	15		110003300	110003301	110003302	
1510017	碳原子板	15		110003400	110003401	110003402	
1510018	低温钢	15		110003500	110003501	110003502	
1510019	磁性钛	15		110003600	110003601	110003602	
1510020	智能合金	15		110003700	110003701	110003702	
1510021	人事档案	15		110004100	110004101	110004102	
1510022	后勤信物	15		110004200	110004201	110004202	
1510023	人事额度	15		110004600	110004601	110004602	
1510024	过氧胆碱	15		110001600	110001601	110001602	
1510025	甲基单胺	15		110001700	110001701	110001702	
1510026	异氨酸	15		110001800	110001801	110001802	
1510027	神格肽	15		110001900	110001901	110001902	
1510028	高通量树突	15		110002000	110002001	110002002	
1510029	光纤轴突	15		110002100	110002101	110002102	
1510030	量子胞体	15		110002200	110002201	110002202	
1510031	瓦尔哈拉凭证	15		110005709	110005710	110005711	
1510032	武器申请书	15		110000100	110000101	110000102	
1510033	动能溶胶	15		110003800	110003801	110003802	
1510034	全向溶胶	15		110003900	110003901	110003902	
1510035	月卡	15		110004700	110004701	110004702	
1510036	联机道具（临时	15		110000900	110000901	110000902	
1510037	嘉奖识别码	15		110005300	110005301	110005302	
1510038	配给识别码	15		110005200	110005201	110005202	
1510039	浓缩泰坦结晶	15		110000700	110000701	110000702	
1510040	虚构内啡肽	15		110000800	110000801	110000802	
							
1510041	通用后勤展示	15		110001100	110001101	110001102	
							
1510042	共鸣增幅剂	15		110000900	110000901	110000902	
1510043	原初思念片段	15		110005500	110005501	110005502	
1510044	新选思念片段	15		110005600	110005601	110005602	
							
1510045	通用银			110000200	110000201	110000202	
1510046	数据金			110000300	110000301	110000302	
1510047	账号经验			110001000	110001001	110001002	
1510048	比特金（6元充值）			110000400	110000401	110000402	
1510049	比特金（30元充值）			110000400	110000401	110000402	
1510050	比特金（68元充值）			110000400	110000401	110000402	
1510051	比特金（128元充值）			110000400	110000401	110000402	
1510052	比特金（328元充值）			110000400	110000401	110000402	
1510053	比特金（648元充值）			110000400	110000401	110000402	
1510054	体力药(小)			110004300	110004301	110004302	
1510055	体力药(中)			110004400	110004401	110004402	
1510056	体力药(大)			110004500	110004501	110004502	
1510057	每日免费补给包			110102213	110102214		110102212
1510058	每周免费补给包			110100100	110100101		110100103
1510059	每月免费补给包			110100200	110100201		110100203
1510060	养成礼包			110100605	110100606		110100604
1510061	每月人员补给包			110100400	110100401		110100403
1510062	角色强化材料包			110100500	110100501		110100503
1510063	武器突破材料包			110100600	110100601		110100603
1510064	超值礼包			110102401	110102402		110102400
1510065	新手角色抽卡礼包			110104004	110104005		110104003
1510066	新手武器抽卡礼包			110100900	110100901		110100903
1510067	测试道具			110100900	110100901		110100903
1510068	A级武器自选箱			110101000	110101001		110101003
1510069	S级武器自选箱			110101100	110101101		110101103
1510070	A级后勤自选箱			110101200	110101201		110101203
1510071	S级后勤自选箱			110101300	110101301		110101303
1510072	A级角色自选箱			110101400	110101401		110101403
1510073	S级角色自选箱			110101500	110101501		110101503
1510074	角色碎片自选箱			110101500	110101501		110101503
1510075	雪之形			110005700	110005701	110005702	
1510076	开放世界货币（临时			110005700	110005701	110005702	
1510077	勤之轨			110005400	110005401	110005402	
							
							
							
1510078	角色碎片自选箱			110105002	110105003		110105001
1510079	BP武器自选箱			110105101	110105102		
1510080	BP初级图标			110105103	110105104		
1510081	BP高级图标			110105107	110105108		
1510082	月度精英提升包			110100608	110100609		110100607
1510083	DLC1角色抽卡			110102501	110102502		110102500
1510084	DLC1武器抽卡			110102504	110102505		110102503
1510085	返利月卡			110006101	110006102		110006103
1510086	BP经验			110006702	110006701		
1510087	海外武器预约箱			110105005	110105006		110105004
1510088							
1510089							
1510090	记忆补嵌包			110005706	110005707	110005708	
1510091	等级礼包1			110102301	110102302		110102300
1510092	等级礼包2			110102304	110102305		110102303
1510093	等级礼包3			110102307	110102308		110102306
1510094	等级礼包4			110102310	110102311		110102309
1510095	等级礼包5			110102313	110102314		110102312
1510096	等级礼包6			110102316	110102317		110102315
1510097	龙角勋章			110005703	110005704	110005705	
1510098	瓦尔哈拉誓约			110000000	110000001	110000002	
1510099	武器定制合约			110005712	110005713	110005714	
1510100	吉语币			110005801	110005802	110005803	
1510101	纳福签			110005901	110005902	110005903	
1510102	青蓝之羽			110006001	110006002	110006003	
1510103	激励点数			110006201	110006202	110006203	
1510105	数据样本			110006301	110006302	110006303	
							
1510106	先驱铭牌			110006502	110006501	110006503	
1510107	样本晶骸			110006602	110006601	110006603	
1510108	通行密钥			110006402	110006401	110006403	
1510109	武器组件			110007002	110007001	110007003	
1510110	朔月令（联机门票）			110007402	110007401	110007403	
1510111	翠星宝螺（dlc3货币）			110400041	110400040	110400042	
1510112	炎阳珍珠（乱战宝礁货币1）			110400141	110400140	110400142	
1510113	雪风珍珠（乱战宝礁货币2）			110400151	110400150	110400152	
1510114	鸣雷珍珠（乱战宝礁货币3）			110400161	110400160	110400162	
1510115	辉月珍珠（乱战宝礁货币4）			110400171	110400170	110400172	
1510116	凛冬珍珠（乱战宝礁货币5）			110400181	110400180	110400182	
1510117	乱战入场劵（乱战宝礁门票）			110400191	110400190	110400192	
1510118	翠星助力劵（乱战宝礁抽奖卷）			110400201	110400200	110400202	
1510119	碧月星壳（dlc3高级货币）			110400341	110400340	110400342	
1510120	萤星卡券	15		110007602	110007601	110007603	
							
1510121	溢晴·天启者聘任包			110102515	110102515		110102515
1510122	汐金·武器定制包			110102517	110102517		110102517
1510123	沉鎏·资金包			110102514	110102514		110102514
1510124	漪云·顶级物资包			110102516	110102516		110102516
1510125	涓曲·每日物资包			110102518	110102518		110102518
1510126	潮花·每周天启者聘任包			110102520	110102520		110102520
1510127	浮星·天启者聘任包			110102519	110102519		110102519
							
1510128	配给凭据			110400361	110400360	110400362	
1510129	雪境功勋			110400351	110400350	110400352	
							
1510130	锢隙·天启者聘任包			110102523	110102523		110102523
1510131	铠山·武器定制包			110102525	110102525		110102525
1510132	锈雪·资金包			110102526	110102526		110102526
1510133	锋啸·豪华物资包			110102521	110102521		110102521
1510134	镐音·每日物资包			110102522	110102522		110102522
1510135	铸曜·每周天启者聘任包			110102527	110102527		110102527
1510136	钧步·天启者聘任包			110102524	110102524		110102524
							
1510137	纷舞·天启者聘任包		1805000	110102530	110102530		110102530
1510138	缀刃·武器定制包		1805000	110102534	110102534		110102534
1510139	绚空·顶级物资包			110102532	110102532		110102532
1510140	绅语·资金包			110102528	110102528		110102528
1510141	循武·每日物资包			110102533	110102533		110102533
1510142	新缘·每周天启者聘任包			110102531	110102531		110102531
1510143	续行·天启者聘任包			110102529	110102529		110102529
1510144	织运·成长物资包			110102538	110102538		110102538
1510145	绮梦·成长物资包			110102537	110102537		110102537
1510146	缚思·成长物资包			110102535	110102535		110102535
1510147	绣程·后勤提升包			110102539	110102539		110102539
1510148	绾春·天启者聘任包			110102536	110102536		110102536
							
1510149	炎逢·每周天启者聘任包			1602320	1602320		1602320
1510150	炬魂·天启者聘任包			110102542	110102542		110102542
1510151	熔骨·武器定制包			110102544	110102544		110102544
1510152	熳原·豪华物资包			110102543	110102543		110102543
1510153	炯径·资金包			110102540	110102540		110102540
1510154	烽灵·成长物资包			1602318	1602318		1602318
1510155	焰道·成长物资包			1602321	1602321		1602321
1510156	焕想·成长物资包			1602319	1602319		1602319
1510157	烁才·后勤提升包			110102541	110102541		110102541
							
1510158	涅荫·每周天启者聘任包			110102703	110102703		110102703
1510159	灏夜·天启者聘任包			110102707	110102707		110102707
1510160	浣锋·武器定制包			110102708	110102708		110102708
1510161	澄镜·顶级物资包			110102706	110102706		110102706
1510162	渥圃·资金包			110102705	110102705		110102705
1510163	渺念·成长物资包			110102702	110102702		110102702
1510164	深忆·成长物资包			110102704	110102704		110102704
1510165	浚虑·成长物资包			110102701	110102701		110102701
1510166	澹学·后勤提升包			110102700	110102700		110102700
1510167	蔓桥·天启者聘任包			110102707	110102707		110102707
1510168	荆丛·武器定制包			110102708	110102708		110102708
1510169	蓑羽·资金包			110102705	110102705		110102705
1510170	荧魂·成长物资包			110102702	110102702		110102702
1510171	萱思·成长物资包			110102704	110102704		110102704
1510172	苇绪·成长物资包			110102701	110102701		110102701
1510173	萃肄·后勤提升包			110102700	110102700		110102700
1510174	焕月·每月天启者聘任包			110102709	110102709		110102709
							
1510175	精英人事额度	15		110009801	110009802	110009803	
							
1510176	藏墟·每周天启者聘任包			110102803	110102803		110102803
1510177	厚壤·天启者聘任包			110102801	110102801		110102801
1510178	宝域·武器定制包			110102800	110102800		110102800
1510179	耀城·豪华物资包			110102802	110102802		110102802
1510180	饶境·资金包			110102807	110102807		110102807
1510181	巧坞·成长物资包			110102806	110102806		110102806
1510182	妙垣·成长物资包			110102805	110102805		110102805
1510183	悬坻·成长物资包			110102808	110102808		110102808
1510184	晶坯·后勤提升包			110102804	110102804		110102804
							
1510185	通用武器组件			110009901	110009902	110009903	
							
1510186	风羽·每周天启者聘任包			110102903	110102903		110102903
1510187	飓啸·顶级物资包			110102900	110102900		110102900
1510188	飙尘·天启者聘任包			110102901	110102901		110102901
1510189	飏砾·武器定制包			110102902	110102902		110102902
1510190	飘盈·资金包			110102905	110102905		110102905
1510191	飒行·成长物资包			110102906	110102906		110102906
1510192	簌翎·成长物资包			110102907	110102907		110102907
1510193	逸翔·成长物资包			110102908	110102908		110102908
1510194	岚霏·后勤提升包			110102904	110102904		110102904
1510195	跃霄·天启者聘任包			110102901	110102901		110102901
1510196	蔚霞·武器定制包			110102902	110102902		110102902
1510197	氤雾·资金包			110102905	110102905		110102905
1510198	氲霁·成长物资包			110102906	110102906		110102906
1510199	晴霭·成长物资包			110102907	110102907		110102907
1510200	层霓·成长物资包			110102908	110102908		110102908
1510201	野氛·后勤提升包			110102904	110102904		110102904
							
1510202	通用武器复合材料			110010192	110010191	110010193	
							
1510203	轻诉·每周天启者聘任包			1602452	1602452		1602452
1510204	归诏·天启者聘任包			1602458	1602458		1602458
1510205	戎谱·武器定制包			1602459	1602459		1602459
1510206	智谋·豪华物资包			1602460	1602460		1602460
1510207	默访·资金包			1602457	1602457		1602457
1510208	鉴证·成长物资包			1602456	1602456		1602456
1510209	战记·成长物资包			1602455	1602455		1602455
1510210	捷讯·成长物资包			1602454	1602454		1602454
1510211	围议·后勤提升包			1602453	1602453		1602453
1510212	BP武器时装-手枪皮			110010252	110010251		
							
1510249	凉抚·每周天启者聘任包			110105403	110105403		110105403
1510213	凝珠·顶级物资包			110105409	110105409		110105409
1510214	冰酪·天启者聘任包			110105407	110105407		110105407
1510215	冻冻·武器定制包			110105408	110105408		110105408
1510216	凛翠·资金包			110105404	110105404		110105404
1510217	甜冽·成长物资包			110105406	110105406		110105406
1510218	净泉·成长物资包			110105401	110105401		110105401
1510219	冷蜜·成长物资包			110105402	110105402		110105402
1510220	糖凇·后勤提升包			110105405	110105405		110105405
1510221	涛湍·天启者聘任包			110105407	110105407		110105407
1510222	浪涌·武器定制包			110105408	110105408		110105408
1510223	流念·资金包			110105404	110105404		110105404
1510224	泓隐·成长物资包			110105406	110105406		110105406
1510225	沫散·成长物资包			110105401	110105401		110105401
1510226	汀奏·成长物资包			110105402	110105402		110105402
1510227	溪旅·后勤提升包			110105405	110105405		110105405
							
1510228	【互动情景·婪夜】预售礼盒			110010325	110010324		
							
1510229	辟垦·每周天启者聘任包			110105504	110105504		110105504
1510230	晖坠·天启者聘任包			110105508	110105508		110105508
1510231	琢圭·武器定制包			110105509	110105509		110105509
1510232	峰壑·豪华物资包			110105507	110105507		110105507
1510233	崖堑·资金包			110105506	110105506		110105506
1510234	观壁·成长物资包			110105501	110105501		110105501
1510235	砂垒·成长物资包			110105505	110105505		110105505
1510236	荒垄·成长物资包			110105502	110105502		110105502
1510237	摧坚·后勤提升包			110105503	110105503		110105503
							
1510238	重修额度	15		110010352	110010351	110010353	
							
1510239	炙阳·每周天启者聘任包			110105518	110105518		110105518
1510240	灵现·天启者聘任包			110105512	110105512		110105512
1510241	焚铄·武器定制包			110105511	110105511		110105511
1510242	焱勇·豪华物资包			110105510	110105510		110105510
1510243	燎金·资金包			110105516	110105516		110105516
1510244	燃犀·成长物资包			110105517	110105517		110105517
1510245	炽盛·成长物资包			110105513	110105513		110105513
1510246	烬腾·成长物资包			110105514	110105514		110105514
1510247	炼骨·后勤提升包			110105515	110105515		110105515
							
1510248	重修保底道具	15		110010412	110010411	110010413	
							
1510250	琳秀·每周天启者聘任包			110105519	110105519		110105519
1510251	华琅·顶级物资包			110105527	110105527		110105527
1510252	璇姿·天启者聘任包			110105525	110105525		110105525
1510253	琼枝·武器定制包			110105526	110105526		110105526
1510254	锦瑰·资金包			110105524	110105524		110105524
1510255	稀珍·成长物资包			110105523	110105523		110105523
1510256	绯玑·成长物资包			110105521	110105521		110105521
1510257	彤珠·成长物资包			110105522	110105522		110105522
1510258	香璎·后勤提升包			110105520	110105520		110105520
1510259	琉彩·天启者聘任包			110105525	110105525		110105525
1510260	琢器·武器定制包			110105526	110105526		110105526
1510261	玫印·资金包			110105524	110105524		110105524
1510262	素珞·成长物资包			110105523	110105523		110105523
1510263	赤瑶·成长物资包			110105521	110105521		110105521
1510264	丹瑾·成长物资包			110105522	110105522		110105522
1510265	花珀·后勤提升包			110105520	110105520		110105520
							
1510266	【互动情景·暖夜恒约】预售礼盒			110010692	110010691		
							
1510267	风绻·每周天启者聘任包			110105536	110105536		110105536
1510268	飘寻·天启者聘任包			110105528	110105528		110105528
1510269	飒影·武器定制包			110105529	110105529		110105529
1510270	幻翼·豪华物资包			110105530	110105530		110105530
1510271	星翌·资金包			110105531	110105531		110105531
1510272	渺岚·成长物资包			110105532	110105532		110105532
1510273	翎光·成长物资包			110105534	110105534		110105534
1510274	翩舞·成长物资包			110105535	110105535		110105535
1510275	羽盈·后勤提升包			110105533	110105533		110105533
							
1510276	奖券			110010752	110010751	110010753	
1510277	紫金葫芦			110010782	110010781	110010783	
1510278	铜钱			110010792	110010791	110010793	
1510279	3个快递箱			110010812	110010811	110010813	
1510280	极夜行动设定集			110010822	110010821	110010823	
1510281	邀请函			110010762	110010761	110010763	
							
1510282	累充2000档位皮肤礼盒			110010712	110010711		
							
1510283	湄迹·每周天启者聘任包			110105539	110105539		110105539
1510284	洄觅·天启者聘任包			110105543	110105543		110105543
1510285	澄械·武器定制包			110105544	110105544		110105544
1510286	漩能·豪华物资包			110105545	110105545		110105545
1510287	溟镞·资金包			110105540	110105540		110105540
1510288	沫迁·成长物资包			110105541	110105541		110105541
1510289	涟狩·成长物资包			110105538	110105538		110105538
1510290	漪震·成长物资包			110105542	110105542		110105542
1510291	湫闻·后勤提升包			110105537	110105537		110105537
							
1510292	幻钥·每周天启者聘任包			110105546	110105546		110105546
1510293	虚键·天启者聘任包			110105553	110105553		110105553
1510294	谶迹·武器定制包			110105552	110105552		110105552
1510295	邃理·豪华物资包			110105554	110105554		110105554
1510296	悖码·资金包			110105551	110105551		110105551
1510297	谜蜕·成长物资包			110105550	110105550		110105550
1510298	伪序·成长物资包			110105548	110105548		110105548
1510299	逆因·成长物资包			110105549	110105549		110105549
1510300	诡契·后勤提升包			110105547	110105547		110105547
							
1510301	题献·每周天启者聘任包			110105561	110105561		110105561
1510302	智辩·顶级物资包			110105560	110105560		110105560
1510303	誓曲·天启者聘任包			110105562	110105562		110105562
1510304	证冕·武器定制包			110105563	110105563		110105563
1510305	谶序·资金包			110105559	110105559		110105559
1510306	赋格·成长物资包			110105558	110105558		110105558
1510307	哲颂·成长物资包			110105556	110105556		110105556
1510308	夜理·成长物资包			110105557	110105557		110105557
1510309	阈契·后勤提升包			110105555	110105555		110105555
1510310	星绎·天启者聘任包			110105562	110105562		110105562
1510311	思曜·武器定制包			110105563	110105563		110105563
1510312	秘谕·资金包			110105559	110105559		110105559
1510313	梦谒·成长物资包			110105558	110105558		110105558
1510314	典钥·成长物资包			110105556	110105556		110105556
1510315	律锚·成长物资包			110105557	110105557		110105557
1510316	箴言·后勤提升包			110105555	110105555		110105555
							
1510317	夜礼·每周天启者聘任包			110105570	110105570		110105570
1510318	夜礼·天启者聘任包			110105571	110105571		110105571
1510319	夜礼·武器定制包			110105572	110105572		110105572
1510320	夜礼·豪华物资包			110105569	110105569		110105569
1510321	夜礼·成长资金包			110105568	110105568		110105568
1510322	夜礼·神经突破包			110105567	110105567		110105567
1510323	夜礼·等级提升包			110105565	110105565		110105565
1510324	夜礼·神经通导包			110105566	110105566		110105566
1510325	夜礼·后勤提升包			110105564	110105564		110105564
							
1510326	悦汐·每周天启者聘任包			110105579	110105579		110105579
1510327	悦汐·顶级物资包			110105578	110105578		110105578
1510328	悦汐·天启者聘任包			110105580	110105580		110105580
1510329	悦汐·武器定制包			110105581	110105581		110105581
1510330	悦汐·成长物资包			110105577	110105577		110105577
1510331	悦汐·神经突破包			110105576	110105576		110105576
1510332	悦汐·等级提升包			110105574	110105574		110105574
1510333	悦汐·神经通导包			110105575	110105575		110105575
1510334	悦汐·后勤提升包			110105573	110105573		110105573
1510335	翩澜·天启者聘任包			110105580	110105580		110105580
1510336	翩澜·武器定制包			110105581	110105581		110105581
1510337	翩澜·成长物资包			110105577	110105577		110105577
1510338	翩澜·神经突破包			110105576	110105576		110105576
1510339	翩澜·等级提升包			110105574	110105574		110105574
1510340	翩澜·神经通导包			110105575	110105575		110105575
1510341	翩澜·后勤提升包			110105573	110105573		110105573
							
1510342	【互动情景·澈心】预售礼盒			110011362	110011361		
							
1510343	常驻自选角色礼包			110105017	110105018		110105016
1510344	常驻自选武器礼包			110105020	110105021		110105019
1510345	星谒·每周天启者聘任包			110105588	110105588		110105588
1510346	星谒·天启者聘任包			110105589	110105589		110105589
1510347	星谒·武器定制包			110105590	110105590		110105590
1510348	星谒·豪华物资包			110105587	110105587		110105587
1510349	星谒·成长资金包			110105586	110105586		110105586
1510350	星谒·神经突破包			110105585	110105585		110105585
1510351	星谒·等级提升包			110105583	110105583		110105583
1510352	星谒·神经通导包			110105584	110105584		110105584
1510353	星谒·后勤提升包			110105582	110105582		110105582
1510354	常驻自选定制后勤礼包			110105031	110105032		110105030
1510355	炽念·每周天启者聘任包			110105597	110105597		110105597
1510356	炽念·天启者聘任包			110105598	110105598		110105598
1510357	炽念·武器定制包			110105599	110105599		110105599
1510358	炽念·豪华物资包			110105596	110105596		110105596
1510359	炽念·成长资金包			110105595	110105595		110105595
1510360	炽念·神经突破包			110105594	110105594		110105594
1510361	炽念·等级提升包			110105592	110105592		110105592
1510362	炽念·神经通导包			110105593	110105593		110105593
1510363	炽念·后勤提升包			110105591	110105591		110105591
							
1510364	新誓·每周天启者聘任包			110105606	110105606		110105606
1510365	新誓·顶级物资包			110105605	110105605		110105605
1510366	新誓·天启者聘任包			110105607	110105607		110105607
1510367	新誓·武器定制包			110105608	110105608		110105608
1510368	新誓·成长物资包			110105604	110105604		110105604
1510369	新誓·神经突破包			110105603	110105603		110105603
1510370	新誓·等级提升包			110105601	110105601		110105601
1510371	新誓·神经通导包			110105602	110105602		110105602
1510372	新誓·后勤提升包			110105600	110105600		110105600
1510373	梦舟·天启者聘任包			110105607	110105607		110105607
1510374	梦舟·武器定制包			110105608	110105608		110105608
1510375	梦舟·成长物资包			110105604	110105604		110105604
1510376	梦舟·神经突破包			110105603	110105603		110105603
1510377	梦舟·等级提升包			110105601	110105601		110105601
1510378	梦舟·神经通导包			110105602	110105602		110105602
1510379	梦舟·后勤提升包			110105600	110105600		110105600
							
1510380	春意·每周天启者聘任包			110105615	110105615		110105615
1510381	春意·天启者聘任包			110105616	110105616		110105616
1510382	春意·武器定制包			110105617	110105617		110105617
1510383	春意·豪华物资包			110105614	110105614		110105614
1510384	春意·成长资金包			110105613	110105613		110105613
1510385	春意·神经突破包			110105612	110105612		110105612
1510386	春意·等级提升包			110105610	110105610		110105610
1510387	春意·神经通导包			110105611	110105611		110105611
1510388	春意·后勤提升包			110105609	110105609		110105609
							
1520001	提取物·里芙			130040002	130040003	130040006	
1520002	提取物·妮塔			130060002	130060003	130060006	
1520003	提取物·芙提雅			130070002	130070003	130070006	
1520004	提取物·茉莉安-雨燕			130100002	130100003	130100006	
1520005	提取物·晴			130110002	130110003	130110006	
1520006	提取物·琴诺			130120002	130120003	130120006	
1520007	提取物·芬妮			130130002	130130003	130130006	
1520009	提取物·安卡希雅			130020002	130020003	130020006	
1520010	提取物·茉莉安			130090002	130090003	130090006	
1520011	提取物·里芙-狂猎			130050002	130050003	130050006	
1520012	提取物·肴			130140002	130140003	130140006	
1520013	提取物·恩雅			130160002	130160003	130160006	
1520014	提取物·芙提雅-缄默			130080002	130080003	130080006	
1520015	提取物·安卡希雅-辉夜			130030002	130030003	130030006	
1520016	提取物·肴-冬至			130150002	130150003	130150006	
1520017	提取物·猫汐尔			130170002	130170003	130170006	
1520018	提取物·芬妮-咎冠			130180002	130180003	130180006	
1520019	提取物·瑟瑞斯			130200002	130200003	130200006	
1520020	提取物·辰星			130190002	130190003	130190006	
1520021	提取物·辰星-云篆			130210002	130210003	130210006	
1520031	提取物·晴-藏锋			130220002	130220003	130220006	
1520041	提取物·猫汐尔-溯影			130230002	130230003	130230006	
1520042	提取物·苔丝-魔术师			130240002	130240003	130240006	
1520045	提取物·凯茜娅-蓝闪			130250002	130250003	130250006	
1520046	提取物·伊切尔-豹豹			130260002	130260003	130260006	
1530001	提取物·琴诺-悖谬			130270002	130270003	130270006	
1530002	提取物·恩雅-羽蜕			130280002	130280003	130280006	
1530003	提取物·瑟瑞斯-瞬刻			130290002	130290003	130290006	
1530004	提取物·芬妮-辉耀			130310002	130310003	130310006	
1530005	提取物·里芙-无限之视			130300002	130300003	130300006	
1530006	提取物·薇蒂雅-龙舌兰			130320002	130320003	130320006	
1530007	提取物·凯茜娅-朝翼			130330002	130330003	130330006	
1530008	提取物·茉莉安-幽潮			130340002	130340003	130340006	
1530009	提取物·芙提雅-驰掣			130350002	130350003	130350006	
1530011	提取物·卜卜-小天师			130370002	130370003	130370006	
1530012	提取物·肴-夜天光			130380002	130380003	130380006	
1530013	提取物·辰星-琼弦			130390002	130390003	130390006	
1530014	提取物·恩雅-澜风			130400002	130400003	130400006	
1530015	提取物·奈莉德-冥河代理人			130420002	130420003	130420006	
1530016	武格驱动·妮塔-悸响			110010703	110010702	110010701	
1530017	提取物·薇蒂雅-天鹅座			130430002	130430003	130430006	
1530018	提取物·凯茜娅-狂诗			130440002	130440003	130440006	
1530019	提取物·苔丝-绮幻			130450002	130450003	130450006	
1530020	提取物·克罗瑞娜-绯月			130460002	130460003	130460006	
1530021	提取物·芬妮-澄意			130470002	130470003	130470006	
1530022	提取物·瑟瑞斯-悠游			130480002	130480003	130480006	
1530023	提取物·米娅-星彩			130500002	130500003	130500006	
1530024	武格驱动·晴-霆光			110011712	110011711	110011713	
1530025	提取物·卜卜-莲驱			130600002	130600003	130600006	
1530026	武格驱动·猫汐尔-莲驱			110011722	110011721	110011723	
1530027	提取物·安卡希雅-时之重奏			130510002	130510004	130510008	
1530028	提取物·茉莉安-霄鹰			130520002	130520003	130520006	
1530029	提取物·胧嫣-瑞狐			130540002	130540003	130540006	
1530030	武格驱动·芙提雅-炬芯			110011942	110011941	110011943	
1530031	提取物·里芙-永恒			130550002	130550003	130550006	
1530032	武格驱动·肴-金乌			110012232	110012231	110012233	
							
1520022	天启者精英聘任包			110102201	110102202		110102200
							
1520023	奥普奖券			110006801	110006802	110006803	
1520024	虹膜录入证明			110006901	110006902	110006903	
							
1520025	急救药瓶(不是道具)			1002004	1002004	1002004	
							
1520026	烁途·天启者聘任包			110105201	110105201		110105201
1520027	星灯·资金包			110105301	110105301		110105301
1520028	烁夜·武器定制包			110105302	110105302		110105302
1520029	熠空·顶级物资包			110105303	110105303		110105303
1520035	煜街·物资补给包			110102509	110102509		110102509
1520036	灿歌·天启者聘任包			110102508	110102508		110102508
							
1520032	暗梦·天启者聘任包			110102506	110102506		110102506
1520033	钨息·天启者聘任包			110102510	110102510		110102510
1520034	灰岩·资金包			110102507	110102507		110102507
1520038	钢心·武器定制包			110102513	110102513		110102513
							
1520030	BP追加物资包			110007102	110007101		
1520037	BP时装资金自选箱			110007302	110007301		
							
1520039	钒花·每日物资包			110102511	110102511		110102511
1520040	镜影·每周聘任包			110102512	110102512		110102512
							
1520044	芙提雅表情合集1			3400001	3400000		
							
1520047	暗雪拉环			110400364	110400363	110400365	
1520048	星芒徽记			110400367	110400366	110400368	
							
							
1521001	悖论迷宫奖励点			110008102	110008101	110008103	
1521002	悖论迷宫科技点			110008002	110008001	110008003	
1521003	构筑经验（塔防联机）			110009102	110009101		
1521004	悖论迷宫抽奖券（dlc7）			110009602	110009601	110009603	
1521005	悖论迷宫赛季货币（dlc7）			110009702	110009701	110009703	
1521006	构筑经验（火线突击）			110010163	110010162	110010161	
1521008	低阶征伐铭章			110011272	110011271		
1521009	中阶征伐铭章			110011282	110011281		
1521010	高阶征伐铭章			110011292	110011291		
1521011	buff徽章			110401101	110401100	110401102	
1521012	挑战徽章			110401091	110401090	110401092	
1521013	中级buff宝箱			110401121	110401120		
1521014	高级buff宝箱			110401111	110401110		
1521015	射击buff宝箱			110401131	110401130		
1521016	技能buff宝箱			110401141	110401140		
1521017	全能buff宝箱			110401151	110401150		
							
1520049	模型板件			110008702	110008701	110008703	
1520050	北风票券			110008602	110008601	110008603	
							
1520051	春节随机箱子			110400371	110400370		
1520052	聊天活动表情合集			3400009	3400008		
1520053	芬妮表情合集1			3400011	3400010		
1520054	巧克力盒子			110008802	110008801		
							
1520055	赐福凭据			110009003	110009002	110009001	
1520056	皎月之证			110008903	110008902	110008901	
1520057	刷新道具（新星开拓）			110009302	110009301	110009303	
1520058	劝降经验（新星开拓）			110009202	110009201	110009203	
							
1520059	苔丝表情合集1			3400031	3400030		
							
							
							
1520060	汉诺票根			110009502	110009501	110009503	
1520061	超验样本			110009402	110009401	110009403	
							
1520062	角色随机扭蛋箱		1805000	110105011	110105012		110105010
1520063	武器随机扭蛋箱		1805000	110105014	110105015		110105013
							
1520064	恒沙信用点（紫）			110010001	110010002	110010003	
1520065	恒沙嘉奖码（橙）			110010101	110010102	110010103	
							
1520066	新星开拓技能材料（白）			110010112	110010111	110010113	
1520067	新星开拓技能材料（绿）			110010122	110010121	110010123	
1520068	新星开拓技能材料（蓝）			110010132	110010131	110010133	
1520069	新星开拓技能材料（紫）			110010142	110010141	110010143	
1520070	新星开拓技能材料（金）			110010152	110010151	110010153	
							
1520071	活动抽卡券			110010172	110010171	110010173	
							
1520072	思维译码·荣耀			1001194	1001193	1001192	
1520073	思维译码·温柔			1001197	1001196	1001195	
1520074	思维译码·正义			1001200	1001199	1001198	
1520075	思维译码·纯净			1001203	1001202	1001201	
1520076	思维译码·无畏			1001206	1001205	1001204	
1520077	思维译码·智慧			1001209	1001208	1001207	
1520078	思维译码·勇气			1001212	1001211	1001210	
1522001	藏宝图A1			1001214	1001213		
1520080	藏宝图A2			1001216	1001215		
1520081	藏宝图A3			1001218	1001217		
1520082	藏宝图B1			1001220	1001219		
1520083	藏宝图B2			1001222	1001221		
1520084	藏宝图B3			1001224	1001223		
1520085	坐标定位器			1001226	1001225		
1520086	急救箱			1001228	1001227		
1520087	通讯装置			1001230	1001229		
							
1520088	新星开拓普通鱼饵			110400641	110400640	110400642	
							
1520089	七夕盒子			110010202	110010201		
							
1520090	复古胶卷			110010213	110010212	110010211	
1520091	沃坦遗骸			110010223	110010222	110010221	
							
1520092	冲关积分			110010323	110010322	110010321	
							
1520093	禁域兵器解锁材料			110010262	110010261		
1520094	禁域兵器升级材料			110010272	110010271		
1520095	禁域等级经验			110010293	110010292	110010291	
							
							
1520601	脉冲连袭经验			110011612	110011611	110011613	
							
							
1520096	乐园奖劵			110010242	110010241	110010243	
1520097	炫彩水枪			110010232	110010231	110010233	
							
1520098	古金属			110010312	110010311	110010313	
1520099	月鸢花			110010302	110010301	110010303	
							
1520100	万能思维译码			1001262	1001261	1001260	
1520101	思维译码掉落展示			1001259	1001258	1001257	
							
1520102	荧光蕈			110010372	110010371	110010373	
1520103	彩绯岩			110010362	110010361	110010363	
1520104	战场经验（悖论迷宫积分挑战模式增益解锁货币）			110010392	110010391	110010393	
							
1520105	银蔷薇纪念币			110010452	110010451	110010453	
1520106	金蔷薇纪念币			110010462	110010461	110010463	
							
1520107	补给凭据			110010733	110010732	110010731	
1520108	渊底珍珠			110010743	110010742	110010741	
							
1520109	调查金章			110010852	110010851	110010853	
1520110	三角金章			110010842	110010841	110010843	
							
1520111	智识之花			110010982	110010981	110010983	
1520112	理想之星			110010992	110010991	110010993	
							
1520113	吉诺拉红蔷薇			110011032	110011031	110011033	
1520114	实验数据			110011022	110011021	110011023	
1520115	通用高级动力部件			1001643	1001642		
1520116	通用高级武器部件			1001655	1001654		
1520117	通用高级框架部件			1001649	1001648		
1520118	通用高级控制部件			1001661	1001660		
							
1520119	乐土票根			110011602	110011601	110011603	
1520120	权限密钥			110011592	110011591	110011593	
							
1520121	【里芙-无限之视】定制后勤（箱）			110105023	110105022		
1520122	【瑟瑞斯-瞬刻】定制后勤（箱）			110105025	110105024		
1520123	【琴诺-悖谬】定制后勤（箱）			110105027	110105026		
1520124	【凯茜娅-蓝闪】定制后勤（箱）			110105029	110105028		
							
1520125	进击行动经验值			110011792	110011791	110011793	
1520126	进击行动商店代币			110011782	110011781	110011783	
1520127	进击行动白金随机芯片包			110011802	110011801		
1520128	进击行动绿金随机芯片包			110011812	110011811		
1520129	进击行动蓝金随机芯片包			110011822	110011821		
1520130	进击行动紫金随机芯片包			110011832	110011831		
1520131	进击行动金随机芯片包			110011842	110011841		
1520132	进击行动满品核心芯片1			1001744	1001744		
1520133	进击行动满品核心芯片2			1001745	1001745		
1520134	进击行动满品核心芯片3			1001746	1001746		
1520135	进击行动满品核心芯片4			1001747	1001747		
1520136	进击行动满品核心芯片5			1001748	1001748		
1520137	进击行动满品核心芯片6			1001749	1001749		
1520138	进击行动满品分支芯片1			1001756	1001756		
1520139	进击行动满品分支芯片2			1001757	1001757		
1520140	进击行动满品分支芯片3			1001758	1001758		
1520141	进击行动满品分支芯片4			1001759	1001759		
1520142	进击行动满品分支芯片5			1001760	1001760		
1520143	进击行动满品分支芯片6			1001761	1001761		
1520144	进击行动满品分支芯片7			1001762	1001762		
1520145	进击行动满品分支芯片8			1001763	1001763		
1520146	进击行动满品分支芯片9			1001764	1001764		
1520147	进击行动满品分支芯片10			1001765	1001765		
1520148	进击行动满品分支芯片11			1001766	1001766		
1520149	进击行动满品分支芯片12			1001767	1001767		
							
1520150	天狐木雕			110011862	110011861	110011863	
1520151	玫瑰花窗			110011852	110011851	110011853	
							
1520152	鸢晶石			110011912	110011911	110011913	
1520153	研究日志			110011902	110011901	110011903	
							
1520154	进击行动满品核心芯片7			1001780	1001780		
1520155	进击行动满品核心芯片8			1001781	1001781		
1520156	进击行动满品核心芯片9			1001782	1001782		
1520157	进击行动满品分支芯片13			1001786	1001786		
1520158	进击行动满品分支芯片14			1001787	1001787		
1520159	进击行动满品分支芯片15			1001788	1001788		
1520160	进击行动满品分支芯片16			1001789	1001789		
1520161	进击行动满品分支芯片17			1001790	1001790		
1520162	进击行动满品分支芯片18			1001791	1001791		
1520163	进击行动智械7			1001783	1001783		
1520164	进击行动智械8			1001784	1001784		
1520165	进击行动智械9			1001785	1001785		
							
1520201	普通鱼饵			110400761	110400760	110400762	
1520202	豪华鱼饵			110400771	110400770	110400772	
1520203	至尊鱼饵			110400781	110400780	110400782	
1520204	重量级鱼类虫饵			110400791	110400790	110400792	
1520205	巨型鱼类虫饵			110400801	110400800	110400802	
1520206	重量级鱼类夜钓虫饵			110400811	110400810	110400812	
1520207	巨型鱼类夜钓虫饵			110400821	110400820	110400822	
							
1520300	月溶草			110400972	110400971	110400970	
1520301	紫绒球			110400982	110400981	110400980	
1520302	夜莲花			110400992	110400991	110400990	
1520303	铃铛花			110401002	110401001	110401000	
1520304	灯芯果			110401012	110401011	110401010	
1520305	漂流瓶1			110401032	110401031	110401030	
1520306	漂流瓶2			110401042	110401041	110401040	
1520307	神秘纸条1			110401052	110401051	110401050	
1520308	神秘纸条2			110401062	110401061	110401060	
1520309	藏宝图1			110401072	110401071	110401070	
1520310	藏宝图2			110401082	110401081	110401080	
1520311	新星开拓币			110010863	110010862	110010861	
1520312	区域解锁道具			110010952	110010951		
1520313	建筑解锁道具			110010962	110010961		
1520314	新星开拓BUFF道具			110010973	110010972	110010971	
1520315	毛球币（3.5多诺巅峰对决）			110011872	110011871	110011873	
							
1520401	熙澜徽章			110011312	110011311	110011313	
1520402	琥珀骰子			110011302	110011301	110011303	
1520501	3.4有限货币			110011692	110011691	110011693	
1520502	3.4无限货币			110011702	110011701	110011703	
1520601	元合金			110012172	110012171	110012173	
1520602	稳态思念体			110012162	110012161	110012163	
							
							
1521999	妮塔大富翁小金栗			110010833	110010832	110010831	
							
1522002	古代遗物			110010332	110010331	110010333	
1522003	生命之水			110010342	110010341	110010343	
1522007	背包肉鸽钥匙			110010652	110010651	110010653	
							
1522004	纳宝帝联名礼包			110010402	110010401		
1522005	并蒂莲			110010432	110010431	110010433	
1522006	如意牌			110010422	110010421	110010423	
1522008	噢麦力联名礼包			110010722	110010721		
							
1522009	捞金派对复刻代币			110010932	110010931		
1522010	3.0虎邦辣酱联动礼盒			110011002	110011001		
1522011	3.0健力宝联动礼盒			110011012	110011011		
							
1522012	3.2格力高联名礼盒			110011332	110011331		
							
1522013	联机大富翁经验道具			110011382	110011381	110011383	
							
1522014	星祈心愿道具			1603038	1603037	1603039	
1522015	3.5创维联动礼盒			110011882	110011881		
1522016	3.5乐事联动礼盒			110011892	110011891		
							
1522017	3.7阿华田联动礼盒			110012242	110012241		
1522018	3.7端午联动礼盒			110012252	110012251		
							
1522019	温馨版大厅			110340011	110340010		
1522020	高级版大厅			110340001	110340000		
							
							
1543001	妮塔大富翁表情-妮塔默认朝左			3200631	3200630		
1543002	妮塔大富翁表情-妮塔默认朝右			3200711	3200710		
1543003	妮塔大富翁表情-妮塔脸红朝左			3200641	3200640		
1543004	妮塔大富翁表情-妮塔脸红朝右			3200721	3200720		
1543005	妮塔大富翁表情-妮塔得意朝左			3200651	3200650		
1543006	妮塔大富翁表情-妮塔得意朝右			3200731	3200730		
1543007	妮塔大富翁表情-妮塔兴奋朝左			3200661	3200660		
1543008	妮塔大富翁表情-妮塔兴奋朝右			3200741	3200740		
1543009	妮塔大富翁表情-妮塔思考朝左			3200671	3200670		
1543010	妮塔大富翁表情-妮塔思考朝右			3200751	3200750		
1543011	妮塔大富翁表情-妮塔点赞朝左			3200681	3200680		
1543012	妮塔大富翁表情-妮塔点赞朝右			3200761	3200760		
1543013	妮塔大富翁表情-分析员默认朝左			3200691	3200690		
1543014	妮塔大富翁表情-分析员默认朝右			3200771	3200770		
1543015	妮塔大富翁表情-分析员高兴朝左			3200701	3200700		
1543016	妮塔大富翁表情-分析员高兴朝右			3200781	3200780		
							
1543020	3.3少女拼图道具晴紫色			110011622	110011621	110011623	
1543021	3.3少女拼图道具晴金色			110011632	110011631	110011633	
1543022	少女拼图道具光碟			110011642	110011641	110011643	
1543023	3.4少女拼图道具猫汐尔紫色			110011762	110011761	110011763	
1543024	3.4少女拼图道具猫汐尔金色			110011772	110011771	110011773	
1543025	3.6少女拼图道具猫汐尔紫色			110011922	110011921	110011923	
1543026	3.6少女拼图道具猫汐尔金色			110011932	110011931	110011933	
							
1544001	冰趣蜜弹-牛奶			5002011	5002010		
1544002	冰趣蜜弹-抹茶			5002021	5002020		
1544003	冰趣蜜弹-橘子汁			5002031	5002030		
1544004	冰趣蜜弹-香草冰淇淋球			5002041	5002040		
1544005	冰趣蜜弹-巧克力冰淇淋球			5002051	5002050		
1544006	冰趣蜜弹-芒果冰淇淋			5002061	5002060		
1544007	冰趣蜜弹-巧克力碎			5002071	5002070		
1544008	冰趣蜜弹-彩针糖			5002081	5002080		
1544009	冰趣蜜弹-草莓酱			5002091	5002090		
1544010	成品饮品1			5001011	5001010		
1544011	成品饮品2			5001021	5001020		
1544012	成品饮品3			5001031	5001030		
1544013	成品饮品4			5001041	5001040		
1544014	成品饮品5			5001051	5001050		
1544015	成品饮品6			5001061	5001060		
1544016	成品饮品7			5001071	5001070		
1544017	成品饮品8			5001081	5001080		
1544018	成品饮品9			5001091	5001090		
1544019	成品饮品10			5001101	5001100		
1544020	成品饮品11			5001111	5001110		
1544021	成品饮品12			5001121	5001120		
1544022	成品饮品13			5001131	5001130		
1544023	成品饮品14			5001141	5001140		
1544024	成品饮品15			5001151	5001150		
1544025	成品饮品16			5001161	5001160		
1544026	成品饮品17			5001171	5001170		
1544027	成品饮品18			5001181	5001180		
1544028	成品饮品19			5001191	5001190		
1544029	成品饮品20			5001201	5001200		
1544030	成品饮品21			5001211	5001210		
1544031	成品饮品22			5001221	5001220		
1544032	成品饮品23			5001231	5001230		
1544033	成品饮品24			5001241	5001240		
1544034	成品饮品25			5001251	5001250		
1544035	成品饮品26			5001261	5001260		
1544036	成品饮品27			5001271	5001270		
							
1545001	3.5宿舍推币-守护道具1			5260022	5260021	5260021	
1545002	3.5宿舍推币-守护道具2			5260012	5260011	5260011	
1545003	3.5宿舍推币-流派信物1			5260052	5260051	5260051	
1545004	3.5宿舍推币-流派信物2			5260062	5260061	5260061	
1545101	3.5宿舍推币-幸运礼物1			5250072	5250071	5250071	
1545102	3.5宿舍推币-幸运礼物2			5250092	5250091	5250091	
1545103	3.5宿舍推币-幸运礼物3			5250102	5250101	5250101	
1545104	3.5宿舍推币-幸运礼物4			5250132	5250131	5250131	
1545105	3.5宿舍推币-幸运礼物5			5250142	5250141	5250141	
1545106	3.5宿舍推币-幸运礼物6			5250162	5250161	5250161	
1545107	3.5宿舍推币-幸运礼物7			5250172	5250171	5250171	
1545108	3.5宿舍推币-幸运礼物8			5250192	5250191	5250191	
1545109	3.5宿舍推币-幸运礼物9			5250202	5250201	5250201	
1545110	3.5宿舍推币-幸运礼物10			5250212	5250211	5250211	
1545111	3.5宿舍推币-幸运礼物11			5250222	5250221	5250221	
1545112	3.5宿舍推币-幸运礼物12			5250232	5250231	5250231	
1545113	3.5宿舍推币-幸运礼物13			5250242	5250241	5250241	
1545114	3.5宿舍推币-幸运礼物14			5250252	5250251	5250251	
1545115	3.5宿舍推币-幸运礼物15			5250262	5250261	5250261	
1545116	3.5宿舍推币-幸运礼物16			5250302	5250301	5250301	
1545117	3.5宿舍推币-幸运礼物17			5250312	5250311	5250311	
1545201	3.5宿舍推币-扭蛋秘宝1			5250002	5250001	5250001	
1545202	3.5宿舍推币-扭蛋秘宝2			5250012	5250011	5250011	
1545203	3.5宿舍推币-扭蛋秘宝3			5250022	5250021	5250021	
1545204	3.5宿舍推币-扭蛋秘宝4			5250032	5250031	5250031	
1545205	3.5宿舍推币-扭蛋秘宝5			5250042	5250041	5250041	
1545206	3.5宿舍推币-扭蛋秘宝6			5250052	5250051	5250051	
1545207	3.5宿舍推币-扭蛋秘宝7			5250062	5250061	5250061	
1545301	3.5宿舍推币-扭蛋球1			5250382	5250381	5250381	
1545302	3.5宿舍推币-扭蛋球2			5250392	5250391	5250391	
1545303	3.5宿舍推币-扭蛋球3			5250402	5250401	5250401	
1545304	3.5宿舍推币-扭蛋球4			5250412	5250411	5250411	
1545305	3.5宿舍推币-扭蛋球5			5250422	5250421	5250421	
1545306	3.5宿舍推币-扭蛋球6			5250432	5250431	5250431	
1545307	3.5宿舍推币-扭蛋球7			5250442	5250441	5250441	
1545401	3.5宿舍推币-硬币基础币			5240002	5240001	5240001	
1545402	3.5宿舍推币-硬币彩蛋币			5240012	5240011	5240011	
1545403	3.5宿舍推币-硬币特殊币1			5240022	5240021	5240021	
1545404	3.5宿舍推币-硬币特殊币2			5240042	5240041	5240041	
1545405	3.5宿舍推币-硬币特殊币3			5240052	5240051	5240051	
1545406	3.5宿舍推币-硬币特殊币4			5240202	5240201	5240201	
1545407	3.5宿舍推币-硬币特殊币5			5240212	5240211	5240211	
1545408	3.5宿舍推币-硬币特殊币6			5240222	5240221	5240221	
1545409	3.5宿舍推币-硬币特殊币7			5240082	5240081	5240081	
1545410	3.5宿舍推币-硬币特殊币8			5240092	5240091	5240091	
1545411	3.5宿舍推币-硬币特殊币9			5240122	5240121	5240121	
1545412	3.5宿舍推币-硬币特殊币10			5240132	5240131	5240131	
1545413	3.5宿舍推币-硬币特殊币11			5240102	5240101	5240101	
1545414	3.5宿舍推币-硬币特殊币12			5240112	5240111	5240111	
1545415	3.5宿舍推币-硬币特殊币13			5240192	5240191	5240191	
1545416	3.5宿舍推币-硬币特殊币14			5240072	5240071	5240071	
1545417	3.5宿舍推币-硬币特殊币15			5240182	5240181	5240181	
1545501	3.5宿舍推币-硬币捣蛋坏币1			5240422	5240421	5240421	
1545502	3.5宿舍推币-硬币捣蛋坏币2			5240372	5240371	5240371	
1545503	3.5宿舍推币-硬币捣蛋坏币3			5240402	5240401	5240401	
1545504	3.5宿舍推币-硬币捣蛋坏币4			5240412	5240411	5240411	
1545505	3.5宿舍推币-硬币捣蛋坏币5			5240382	5240381	5240381	
1545506	3.5宿舍推币-硬币捣蛋坏币6			5240392	5240391	5240391	
1545601	3.5宿舍推币-镀层1			5240442	5240441	5240441	
1545602	3.5宿舍推币-镀层2			5240452	5240451	5240451	
1545603	3.5宿舍推币-镀层3			5240462	5240461	5240461	
1545604	3.5宿舍推币-镀层4			5240472	5240471	5240471	
1545605	3.5宿舍推币-镀层5			5240482	5240481	5240481	
1545701	3.5宿舍推币-坏币清除奖励1			5250322	5250321	5250321	
1545702	3.5宿舍推币-坏币清除奖励2			5250342	5250341	5250341	
1545703	3.5宿舍推币-坏币清除奖励3			5250352	5250351	5250351	
1545704	3.5宿舍推币-坏币清除奖励4			5250332	5250331	5250331	
1545705	3.5宿舍推币-坏币清除奖励5			5250362	5250361	5250361	
1545706	3.5宿舍推币-坏币清除奖励6			5250372	5250371	5250371	
1545999	3.5宿舍推币-票券			5240432	5240431	5240431	
							
1546001	装甲战骑局内子弹buff1			5276001	5276000		
1546002	装甲战骑局内子弹buff2			5276011	5276010		
1546003	装甲战骑局内子弹buff3			5276021	5276020		
1546004	装甲战骑局内子弹buff4			5276031	5276030		
1546005	装甲战骑局内子弹buff5			5276041	5276040		
1546006	装甲战骑局内子弹buff6			5276051	5276050		
1546007	装甲战骑局内子弹buff7			5276061	5276060		
1546008	装甲战骑局内子弹buff8			5276071	5276070		
1546009	装甲战骑局内子弹buff9			5276081	5276080		
1546010	装甲战骑局内子弹buff10			5276091	5276090		
1546011	装甲战骑局内子弹buff11			5276101	5276100		
1546012	装甲战骑局内子弹buff12			5276111	5276110		
1546013	装甲战骑局内子弹buff13			5276121	5276120		
1546014	装甲战骑局内子弹buff14			5276131	5276130		
1546015	装甲战骑局内子弹buff15			5276141	5276140		
1546016	装甲战骑局内子弹buff16			5276151	5276150		
1546017	装甲战骑局内子弹buff17			5276161	5276160		
1546018	装甲战骑局内子弹buff18			5276171	5276170		
1546019	装甲战骑局内武器属性Buff1			5276181	5276180		
1546020	装甲战骑局内武器属性Buff2			5276191	5276190		
1546021	装甲战骑局内武器属性Buff3			5276201	5276200		
1546022	装甲战骑局内武器属性（父类）			5276211	5276210		
1546023	装甲战骑局内衍生实弹BUFF1			5276221	5276220		
1546024	装甲战骑局内衍生实弹BUFF2			5276231	5276230		
1546025	装甲战骑局内衍生实弹BUFF3			5276241	5276240		
1546026	装甲战骑局内衍生实弹BUFF4			5276251	5276250		
1546027	装甲战骑局内衍生实弹BUFF5			5276261	5276260		
1546028	装甲战骑局内衍生实弹BUFF6			5276271	5276270		
1546029	装甲战骑局内衍生实弹BUFF7			5276281	5276280		
1546030	装甲战骑局内衍生实弹			5276291	5276290		
1546031	装甲战骑局内衍生能量BUFF1			5276301	5276300		
1546032	装甲战骑局内衍生能量BUFF2			5276311	5276310		
1546033	装甲战骑局内衍生能量			5276321	5276320		
1546034	装甲战骑局内增益标记Buff1			5276331	5276330		
1546035	装甲战骑局内增益标记Buff2			5276341	5276340		
1546036	装甲战骑局内增益标记			5276351	5276350		
1546037	装甲战骑局内减益标记Buff1			5276361	5276360		
1546038	装甲战骑局内减益标记Buff2			5276371	5276370		
1546039	装甲战骑局内减益标记Buff3			5276381	5276380		
1546040	装甲战骑局内减益标记Buff4			5276391	5276390		
1546041	装甲战骑局内减益标记Buff5			5276401	5276400		
1546042	装甲战骑局内减益标记Buff6			5276411	5276410		
1546043	装甲战骑局内减益标记			5276421	5276420		
1546044	装甲战骑局内其他标记Buff1			5276431	5276430		
1546045	装甲战骑局内其他标记Buff2			5276441	5276440		
1546046	装甲战骑局内其他标记Buff3			5276451	5276450		
1546047	装甲战骑局内其他标记			5276461	5276460		
1546048	装甲战骑局内其他道具机枪V1			5276471	5276470		
1546049	装甲战骑局内其他道具机枪V2			5276481	5276480		
1546050	装甲战骑局内其他道具机枪V3			5276491	5276490		
1546051	装甲战骑局内其他道具霰弹V1			5276501	5276500		
1546052	装甲战骑局内其他道具霰弹V2			5276511	5276510		
1546053	装甲战骑局内其他道具霰弹V3			5276521	5276520		
1546054	装甲战骑局内其他道具激光V1			5276531	5276530		
1546055	装甲战骑局内其他道具激光V2			5276541	5276540		
1546056	装甲战骑局内其他道具激光V3			5276551	5276550		
1546057	装甲战骑局内其他道具扩散激光V1			5276561	5276560		
1546058	装甲战骑局内其他道具扩散激光V2			5276571	5276570		
1546059	装甲战骑局内其他道具扩散激光V3			5276581	5276580		
1546060	装甲战骑局内其他道具弩箭V1			5276591	5276590		
1546061	装甲战骑局内其他道具弩箭V2			5276601	5276600		
1546062	装甲战骑局内其他道具弩箭V3			5276611	5276610		
1546063	装甲战骑局内其他道具火箭弹V1			5276621	5276620		
1546064	装甲战骑局内其他道具火箭弹V2			5276631	5276630		
1546065	装甲战骑局内其他道具火箭弹V3			5276641	5276640		
1546066	装甲战骑局内其他道具燃烧弹V1			5276651	5276650		
1546067	装甲战骑局内其他道具燃烧弹V2			5276661	5276660		
1546068	装甲战骑局内其他道具燃烧弹V3			5276671	5276670		
1546069	装甲战骑局内其他道具火焰喷射器V1			5276681	5276680		
1546070	装甲战骑局内其他道具火焰喷射器V2			5276691	5276690		
1546071	装甲战骑局内其他道具火焰喷射器V3			5276701	5276700		
1546072	装甲战骑局内子弹属性图标1			5276711	5276710		
1546073	装甲战骑局内其他道具普通电机			5276721	5276720		
1546074	装甲战骑局内其他道具火焰电机			5276731	5276730		
1546075	装甲战骑局内其他道具机枪电机			5276741	5276740		
1546076	装甲战骑局内其他道具火箭弹电机			5276751	5276750		
1546077	装甲战骑局内其他道具电机单体回血			5276761	5276760		
1546078	装甲战骑局内其他道具电机群体回血			5276771	5276770		
1546079	装甲战骑局内其他道具箱子1			5276781	5276780		
1546080	装甲战骑局内其他道具箱子2			5276791	5276790		
1546081	装甲战骑局内其他道具箱子3			5276801	5276800		
1546082	装甲战骑局内子弹属性图标2			5276811	5276810		
1546083	装甲战骑局内子弹属性图标3			5276821	5276820		
							
1599002	薄荷晨语			110010472	110010471		
1599003	共踏花路			110010482	110010481		
1599004	榻上对局			110010492	110010491		
1599005	星心相印			110010502	110010501		
1599006	怦然读秒			110010512	110010511		
1599007	芬芳暖漾			110010522	110010521		
1599008	可塑之材			110010532	110010531		
1599009	珍存鳞光			110010542	110010541		
1599010	羽落留痕			110010552	110010551		
1599011	掌中坚韧			110010562	110010561		
1599012	莹白盛放			110010572	110010571		
1599013	律动轻尾			110010582	110010581		
1599014	欢声出发			110010592	110010591		
1599015	暗影密织			110010602	110010601		
1599016	一撩心弦			110010612	110010611		
1599017	她的世界			110010622	110010621		
1599018	私藏掠影			110010632	110010631		
1599019	纳福佑安			110010642	110010641		
1599020	蜜意千层			110700002	110700001		
1599021	“福金”与“雾尼”			110011082	110011081		
1599022	心雨谱誓			110011092	110011091		
1599023	肌肤之亲			110011102	110011101		
1599024	坐怀品茗			110011112	110011111		
1599025	时光折痕			110011212	110011211		
1599026	微醺良宵			110011222	110011221		
1599027	丝滑连招			110011122	110011121		
1599028	全息洞察			110011132	110011131		
1599029	恒久星辉			110011142	110011141		
1599030	绯色原野			110011152	110011151		
1599031	秘银契约			110011162	110011161		
1599032	悠然山风			110011172	110011171		
1599033	浮光月相			110011182	110011181		
1599034	慵懒午后			110011192	110011191		
1599035	温愈轻啄			110011202	110011201		
1599036	滋滋热浪			110011232	110011231		
1599037	极光漫映			110011242	110011241		
1599038	斩晦长明			110011252	110011251		
1599039	沉溺港湾			110011262	110011261		
1599040	糯香雪吻			110011401	110011402		
1599041	咫尺醉话			110011461	110011462		
1599042	今夜蚝眠			110011471	110011472		
1599043	余岁相守			110011511	110011512		
1599044	缤纷交响			110011541	110011542		
1599045	靛影赤心			110011521	110011522		
1599046	安卡快乐面			110011391	110011392		
1599047	耀跃闪金			110011441	110011442		
1599048	黏稠蜜语			110011421	110011422		
1599049	软香之拥			110011481	110011482		
1599050	旖旎午后			110011431	110011432		
1599051	浓情荟萃			110011411	110011412		
1599052	灵感与灵犀			110011451	110011452		
1599053	炎炎鲜潮			110011491	110011492		
1599054	轻唤早安			110011501	110011502		
1599055	铠甲小猪			110011531	110011532		
1599056	交颈合欢			110011551	110011552		
1599057	绚染五珍			110011561	110011562		
1599058	绛雪新忆			110011571	110011572		
1599059	歉意咬痕			110011581	110011582		
1599060	蛋糕			110100012	110100011		
1599061	私密融点			110011962	110011961		
1599062	熠熠流光			110012022	110012021		
1599063	懒懒桉睡			110012032	110012031		
1599064	巧绽蕊心			110012072	110012071		
1599065	蜜窝丹颊			110012102	110012101		
1599066	醉吻倾心			110012082	110012081		
1599067	星河拾忆			110011952	110011951		
1599068	渴慕喷发			110012002	110012001		
1599069	青空暖阳			110011982	110011981		
1599070	绚丽构想			110012042	110012041		
1599071	云枕澜波			110011992	110011991		
1599072	垒起爱巢			110011972	110011971		
1599073	黑白协奏			110012012	110012011		
1599074	甜糯感知			110012052	110012051		
1599075	脆声一吻			110012062	110012061		
1599076	金甲小熊			110012092	110012091		
1599077	追光不息			110012112	110012111		
1599078	两仪同心			110012122	110012121		
1599079	咸潮涌动			110012132	110012131		
1599080	初欲本味			110012142	110012141		
1599081	斑斓蜜境			110012152	110012151		
							
							
							
							
1910001	互动情景·轻愈			110320001	110320000		
1910002	互动情景·爱凝恒约			110320020	110320021		
1910003	互动情景·恋绽恒约			110320010	110320011		
1910004	互动情景·绚洋			110320031	110320030		
1910005	互动情景·婪夜			110320041	110320040		
1910006	互动情景·红妆恒约			110320051	110320050		
1910007	互动情景·暖夜恒约			110320061	110320060		
1910008	互动情景·秘林			110320071	110320070		
1910009	互动情景·星澜恒约			110320081	110320080		
1910010	互动情景·光馨恒约			110320091	110320090		
1910011	互动情景·芬妮			110320101	110320100		
1910013	互动情景·瑟瑞斯			110320111	110320110		
1910014	互动情景·茉莉安恒约			110320131	110320130		
1910015	互动情景·安卡希雅恒约			110320121	110320120		
							
2400001	蜜语相伴·卜卜			110330001	110330000		
